States,Jan & July Public Assist. Participation,Jan & July Non-Public Assist. Participation,Jan & July TOTAL Assist. Participation,CountyState
AL,1706,12399,14105,Autauga County Alabama
AL,3236,34173,37409,Baldwin County Alabama
AL,2137,9847,11984,Barbour County Alabama
AL,1195,6453,7648,Bibb County Alabama
AL,2046,14415,16461,Blount County Alabama
AL,1189,4440,5629,Bullock County Alabama
AL,1766,8405,10171,Butler County Alabama
AL,7206,40127,47333,Calhoun County Alabama
AL,2509,13405,15914,Chambers County Alabama
AL,1422,8589,10011,Cherokee County Alabama
AL,2271,16218,18489,Chilton County Alabama
AL,1005,5339,6344,Choctaw County Alabama
AL,2381,9473,11854,Clarke County Alabama
AL,567,3610,4177,Clay County Alabama
AL,626,4179,4805,Cleburne County Alabama
AL,1426,10160,11586,Coffee County Alabama
AL,2359,15129,17488,Colbert County Alabama
AL,1284,7013,8297,Conecuh County Alabama
AL,582,3359,3941,Coosa County Alabama
AL,1832,13409,15241,Covington County Alabama
AL,945,4741,5686,Crenshaw County Alabama
AL,2769,19118,21887,Cullman County Alabama
AL,3104,16622,19726,Dale County Alabama
AL,6924,25741,32665,Dallas County Alabama
AL,2455,22504,24959,DeKalb County Alabama
AL,2848,18377,21225,Elmore County Alabama
AL,2245,15798,18043,Escambia County Alabama
AL,4446,28869,33315,Etowah County Alabama
AL,1427,5977,7404,Fayette County Alabama
AL,1656,10694,12350,Franklin County Alabama
AL,1296,9069,10365,Geneva County Alabama
AL,1136,5037,6173,Greene County Alabama
AL,1628,6138,7766,Hale County Alabama
AL,968,5793,6761,Henry County Alabama
AL,5946,28719,34665,Houston County Alabama
AL,2154,15585,17739,Jackson County Alabama
AL,37750,171288,209038,Jefferson County Alabama
AL,1009,4639,5648,Lamar County Alabama
AL,3240,21784,25024,Lauderdale County Alabama
AL,1700,10004,11704,Lawrence County Alabama
AL,3620,27448,31068,Lee County Alabama
AL,2649,17871,20520,Limestone County Alabama
AL,1737,6833,8570,Lowndes County Alabama
AL,2313,12111,14424,Macon County Alabama
AL,8431,51364,59795,Madison County Alabama
AL,2153,8363,10516,Marengo County Alabama
AL,1712,10774,12486,Marion County Alabama
AL,3134,24854,27988,Marshall County Alabama
AL,24388,153808,178196,Mobile County Alabama
AL,1497,9215,10712,Monroe County Alabama
AL,16819,79080,95899,Montgomery County Alabama
AL,3370,26663,30033,Morgan County Alabama
AL,1850,7138,8988,Perry County Alabama
AL,1721,6505,8226,Pickens County Alabama
AL,2596,11700,14296,Pike County Alabama
AL,1645,9790,11435,Randolph County Alabama
AL,3801,23160,26961,Russell County Alabama
AL,2940,20002,22942,St. Clair County Alabama
AL,2919,20722,23641,Shelby County Alabama
AL,2013,6965,8978,Sumter County Alabama
AL,5698,27741,33439,Talladega County Alabama
AL,2777,13514,16291,Tallapoosa County Alabama
AL,9723,41799,51522,Tuscaloosa County Alabama
AL,2832,18832,21664,Walker County Alabama
AL,1035,5726,6761,Washington County Alabama
AL,2433,7713,10146,Wilcox County Alabama
AL,1297,6624,7921,Winston County Alabama
AK,25528,131293,156821,Aleutians East Borough Alaska
AZ,603,54095,54698,Aleutians West Census Area Arizona
AZ,3601,39575,43176,Anchorage Borough/municipality Arizona
AZ,2167,19165,21332,Bethel Census Area Arizona
AZ,1434,20410,21844,Bristol Bay Borough Arizona
AZ,0,0,0,Denali Borough Arizona
AZ,1000,45940,46940,Dillingham Census Area Arizona
AZ,3949,20826,24775,Fairbanks North Star Borough Arizona
AZ,1530,13830,15360,Haines Borough Arizona
KS,899,6883,7782,Juneau Borough/city Kansas
AZ,738,7124,7862,Kenai Peninsula Borough Arizona
KS,107,177,284,Ketchikan Gateway Borough Kansas
AZ,140,2211,2351,Kodiak Island Borough Arizona
AZ,117872,1002996,1120868,Kusilvak Census Area Arizona
AZ,5720,77341,83061,Lake and Peninsula Borough Arizona
AZ,8537,58039,66576,Matanuska-Susitna Borough Arizona
NM,4392,49727,54119,Nome Census Area New Mexico
AZ,4271,48178,52449,North Slope Borough Arizona
NM,126,39866,39992,Northwest Arctic Borough New Mexico
AZ,28889,297162,326051,Sitka Borough/city Arizona
AZ,8969,91587,100556,Southeast Fairbanks Census Area Arizona
AZ,1137,21190,22327,Valdez-Cordova Census Area Arizona
AZ,2777,54127,56904,Yakutat Borough/city Arizona
AZ,4943,74317,79260,Yukon-Koyukuk Census Area Arizona
AZ,856,6991,7847,Apache County Arizona
AR,383,7106,7489,Cochise County Arkansas
AR,461,9430,9891,Coconino County Arkansas
AR,378,10401,10779,Gila County Arkansas
AR,489,39758,40247,Graham County Arkansas
AR,674,10597,11271,Greenlee County Arkansas
AR,372,4809,5181,La Paz County Arkansas
AR,64,1226,1290,Maricopa County Arkansas
TX,55,3833,3888,Mohave County Texas
AR,54,3860,3914,Navajo County Arkansas
TX,45,6467,6512,Pima County Texas
AR,125,6518,6643,Pinal County Arkansas
AR,552,6668,7220,Santa Cruz County Arkansas
AR,250,6248,6498,Yavapai County Arkansas
NV,25004,202549,227553,Yuma County Nevada
AR,24609,177250,201859,Arkansas County Arkansas
NV,49363,373551,422914,Ashley County Nevada
AR,347,4495,4842,Baxter County Arkansas
TX,198,2855,3053,Benton County Texas
AR,165,2636,2801,Boone County Arkansas
TX,16,996,1012,Bradley County Texas
AR,202,6124,6326,Calhoun County Arkansas
AR,182,2620,2802,Carroll County Arkansas
OK,617,28194,28811,Chicot County Oklahoma
AR,657,26038,26695,Clark County Arkansas
OK,1092,51612,52704,Clay County Oklahoma
AR,741,10705,11446,Cleburne County Arkansas
AR,275,7814,8089,Cleveland County Arkansas
AR,2446,26563,29009,Columbia County Arkansas
AR,556,18849,19405,Conway County Arkansas
AR,2481,26723,29204,Craighead County Arkansas
AR,428,5834,6262,Crawford County Arkansas
AR,265,2964,3229,Crittenden County Arkansas
TX,6493,371547,378040,Cross County Texas
AR,5484,323844,329328,Dallas County Arkansas
TX,11712,692427,704139,Desha County Texas
AR,452,6717,7169,Drew County Arkansas
AR,363,7218,7581,Faulkner County Arkansas
AR,990,22602,23592,Franklin County Arkansas
AR,165,6260,6425,Fulton County Arkansas
TX,93,4286,4379,Garland County Texas
AR,98,4227,4325,Grant County Arkansas
TX,26,2253,2279,Greene County Texas
AR,217,3775,3992,Hempstead County Arkansas
AR,1196,29397,30593,Hot Spring County Arkansas
AR,109,4060,4169,Howard County Arkansas
NM,646,7509,8155,Independence County New Mexico
OK,49,2284,2333,Izard County Oklahoma
AR,541,7354,7895,Jackson County Arkansas
NM,1078,10803,11881,Jefferson County New Mexico
OK,481,5578,6059,Johnson County Oklahoma
AR,60,2366,2426,Lafayette County Arkansas
NM,597,5815,6412,Lawrence County New Mexico
OK,0,590,590,Lee County Oklahoma
AR,654,13602,14256,Lincoln County Arkansas
AR,602,8300,8902,Little River County Arkansas
AR,285,10080,10365,Logan County Arkansas
AR,174,4700,4874,Lonoke County Arkansas
TX,214,11232,11446,Madison County Texas
AR,217,9985,10202,Marion County Arkansas
TX,257,16517,16774,Miller County Texas
AR,586,9405,9991,Mississippi County Arkansas
AR,108,3610,3718,Monroe County Arkansas
AR,478,6603,7081,Montgomery County Arkansas
OK,294,8260,8554,Nevada County Oklahoma
TX,309,5426,5735,Newton County Texas
AR,304,8045,8349,Ouachita County Arkansas
OK,120,9702,9822,Perry County Oklahoma
TX,135,6868,7003,Phillips County Texas
AR,292,5356,5648,Pike County Arkansas
OK,108,7013,7121,Poinsett County Oklahoma
TX,123,4179,4302,Polk County Texas
AR,3208,35031,38239,Pope County Arkansas
OK,1731,18763,20494,Prairie County Oklahoma
TX,2453,61601,64054,Pulaski County Texas
AR,1532,18993,20525,Randolph County Arkansas
OK,55,2725,2780,St. Francis County Oklahoma
TX,777,45563,46340,Saline County Texas
AR,2174,58642,60816,Scott County Arkansas
OK,697,42374,43071,Searcy County Oklahoma
TX,1419,85212,86631,Sebastian County Texas
AR,250,8211,8461,Sevier County Arkansas
TX,239,23210,23449,Sharp County Texas
AR,217,21698,21915,Stone County Arkansas
TX,206,36697,36903,Union County Texas
AR,247,3588,3835,Van Buren County Arkansas
AR,279,5766,6045,Washington County Arkansas
AR,648,5098,5746,White County Arkansas
TX,349,4376,4725,Woodruff County Texas
AR,344,4220,4564,Yell County Arkansas
TX,45,3498,3543,Alameda County Texas
AR,401,4709,5110,Alpine County Arkansas
NV,253,2639,2892,Amador County Nevada
NM,400,5279,5679,Butte County New Mexico
OK,280,7009,7289,Calaveras County Oklahoma
AR,221,2653,2874,Colusa County Arkansas
NV,73,583,656,Contra Costa County Nevada
NM,220,3223,3443,Del Norte County New Mexico
OK,100,4953,5053,El Dorado County Oklahoma
AR,368,5034,5402,Fresno County Arkansas
NV,220,2964,3184,Glenn County Nevada
NM,367,5604,5971,Humboldt County New Mexico
OK,247,7334,7581,Imperial County Oklahoma
AR,231,6711,6942,Inyo County Arkansas
NV,83,4641,4724,Kern County Nevada
NM,230,7281,7511,Kings County New Mexico
OK,110,9011,9121,Lake County Oklahoma
AR,276,4217,4493,Lassen County Arkansas
AR,493,8676,9169,Los Angeles County Arkansas
OK,331,10287,10618,Madera County Oklahoma
AR,295,10042,10337,Marin County Arkansas
OK,133,11653,11786,Mariposa County Oklahoma
AR,923,14837,15760,Mendocino County Arkansas
AR,88,4628,4716,Merced County Arkansas
TX,75,4550,4625,Modoc County Texas
AR,86,4440,4526,Mono County Arkansas
TX,73,4362,4435,Monterey County Texas
AR,206,5669,5875,Napa County Arkansas
TX,127,3552,3679,Nevada County Texas
AR,96,3626,3722,Orange County Arkansas
TX,17,1509,1526,Placer County Texas
AR,1243,14905,16148,Plumas County Arkansas
AR,1625,21232,22857,Riverside County Arkansas
AR,281,3927,4208,Sacramento County Arkansas
AR,75,2858,2933,San Benito County Arkansas
TX,377,40781,41158,San Bernardino County Texas
AR,435,36220,36655,San Diego County Arkansas
TX,737,74143,74880,San Francisco County/city Texas
AR,216,3492,3708,San Joaquin County Arkansas
AR,107,3074,3181,San Luis Obispo County Arkansas
TX,115,4507,4622,San Mateo County Texas
AR,77,4606,4683,Santa Barbara County Arkansas
TX,85,6039,6124,Santa Clara County Texas
AR,942,10395,11337,Santa Cruz County Arkansas
AR,187,3039,3226,Shasta County Arkansas
AR,2068,14628,16696,Sierra County Arkansas
AR,31,3419,3450,Siskiyou County Arkansas
AR,932,10970,11902,Solano County Arkansas
AR,222,7473,7695,Sonoma County Arkansas
TX,284,12044,12328,Stanislaus County Texas
AR,291,11756,12047,Sutter County Arkansas
TX,353,16327,16680,Tehama County Texas
AR,525,15461,15986,Trinity County Arkansas
AR,90,2616,2706,Tulare County Arkansas
AR,10022,104862,114884,Tuolumne County Arkansas
AR,372,6017,6389,Ventura County Arkansas
AR,1170,17004,18174,Yolo County Arkansas
AR,278,12326,12604,Yuba County Arkansas
AR,126,3896,4022,Adams County Arkansas
AR,404,20605,21009,Alamosa County Arkansas
AR,505,21441,21946,Arapahoe County Arkansas
AR,325,5691,6016,Archuleta County Arkansas
AR,1084,9571,10655,Baca County Arkansas
AR,92,4162,4254,Bent County Arkansas
AR,925,16149,17074,Boulder County Arkansas
NM,544,8377,8921,Broomfield County/city New Mexico
AR,423,8522,8945,Chaffee County Arkansas
NM,42,750,792,Cheyenne County New Mexico
AR,137,5619,5756,Clear Creek County Arkansas
AR,1532,47253,48785,Conejos County Arkansas
OK,912,29750,30662,Costilla County Oklahoma
TX,842,26298,27140,Crowley County Texas
AR,876,31567,32443,Custer County Arkansas
OK,256,14064,14320,Delta County Oklahoma
TX,186,10612,10798,Denver County/city Texas
AR,828,28594,29422,Dolores County Arkansas
OK,208,11091,11299,Douglas County Oklahoma
TX,138,7639,7777,Eagle County Texas
AR,714,19599,20313,Elbert County Arkansas
AR,287,3514,3801,El Paso County Arkansas
AR,67,6277,6344,Fremont County Arkansas
AR,8,10742,10750,Garfield County Arkansas
AR,2,1640,1642,Gilpin County Arkansas
CA,56583,138893,195476,Grand County California
CA,21,273,294,Gunnison County California
CA,1251,3579,4830,Hinsdale County California
CA,9383,39586,48969,Huerfano County California
CA,2087,5937,8024,Jackson County California
CA,540,2720,3260,Jefferson County California
CA,31951,77527,109478,Kiowa County California
CA,2768,7031,9799,Kit Carson County California
CA,3455,14358,17813,Lake County California
CA,97748,279376,377124,La Plata County California
CA,1540,4506,6046,Larimer County California
CA,5360,21272,26632,Las Animas County California
CA,13943,46325,60268,Lincoln County California
CA,834,2295,3129,Logan County California
CA,55367,185503,240870,Mesa County California
CA,9327,30200,39527,Mineral County California
CA,3661,12638,16299,Moffat County California
CA,1485,4291,5776,Montezuma County California
CA,422099,1355708,1777807,Montrose County California
CA,8628,35274,43902,Morgan County California
CA,2373,11790,14163,Otero County California
CA,744,1927,2671,Ouray County California
CA,4447,18456,22903,Park County California
CA,28664,62760,91424,Phillips County California
CA,381,1725,2106,Pitkin County California
CA,173,916,1089,Prowers County California
CA,19364,45548,64912,Pueblo County California
CA,2134,9081,11215,Rio Blanco County California
CA,2232,7612,9844,Rio Grande County California
CA,71435,235621,307056,Routt County California
CA,6107,21096,27203,Saguache County California
CA,512,1794,2306,San Juan County California
CA,103149,297932,401081,San Miguel County California
CA,104843,244017,348860,Sedgwick County California
CA,2951,7945,10896,Summit County California
CA,152271,414881,567152,Teller County California
CA,104904,239954,344858,Washington County California
CA,14875,66463,81338,Weld County California
CA,43907,124425,168332,Yuma County California
CA,6868,21491,28359,Fairfield County California
CA,10120,25554,35674,Hartford County California
CA,16587,38753,55340,Litchfield County California
CA,49711,125741,175452,Middlesex County California
CA,7597,29202,36799,New Haven County California
CA,8704,32549,41253,New London County California
CA,102,402,504,Tolland County California
CA,2539,7908,10447,Windham County California
CA,21130,46685,67815,Kent County California
CA,12591,37526,50117,New Castle County California
CA,40722,101536,142258,Sussex County California
CA,4584,15529,20113,District of Colu California
CA,4020,12838,16858,Alachua County California
CA,437,2187,2624,Baker County California
CA,54699,138245,192944,Bay County California
CA,2695,7155,9850,Bradford County California
CA,22393,86636,109029,Brevard County California
CA,7283,20869,28152,Broward County California
CA,5804,18231,24035,Calhoun County California
CO,1481,5202,6683,Charlotte County Colorado
CO,163,1662,1825,Citrus County Colorado
CO,104,623,727,Clay County Colorado
CO,370,1424,1794,Collier County Colorado
CO,4456,22907,27363,Columbia County Colorado
CO,259,1799,2058,DeSoto County Colorado
CO,29,195,224,Dixie County Colorado
CO,137,960,1097,Duval County Colorado
CO,523,2676,3199,Escambia County Colorado
CO,371,1272,1643,Flagler County Colorado
CO,238,1219,1457,Franklin County Colorado
CO,85,691,776,Gadsden County Colorado
CO,742,5387,6129,Gilchrist County Colorado
MI,1498,7959,9457,Glades County Michigan
CO,1437,7809,9246,Gulf County Colorado
MI,2193,10381,12574,Hamilton County Michigan
CO,22144,124719,146863,Hardee County Colorado
CO,22,269,291,Hendry County Colorado
CO,693,9097,9790,Hernando County Colorado
IL,381,5975,6356,Highlands County Illinois
KS,2551,9788,12339,Hillsborough County Kansas
CO,406,6389,6795,Holmes County Colorado
IL,94,3267,3361,Indian River County Illinois
KS,2264,7080,9344,Jackson County Kansas
CO,2355,10036,12391,Jefferson County Colorado
IL,2043,6914,8957,Lafayette County Illinois
KS,4213,10727,14940,Lake County Kansas
CO,149,2057,2206,Lee County Colorado
CO,123,1788,1911,Leon County Colorado
CO,12340,102026,114366,Levy County Colorado
CO,1880,6717,8597,Liberty County Colorado
CO,946,6389,7335,Madison County Colorado
CO,131,618,749,Manatee County Colorado
CO,63,955,1018,Marion County Colorado
CO,135,1222,1357,Martin County Colorado
CO,1,47,48,Miami-Dade County Colorado
CO,286,2390,2676,Monroe County Colorado
CO,32,242,274,Nassau County Colorado
GA,1955,7797,9752,Okaloosa County Georgia
IL,643,9417,10060,Okeechobee County Illinois
KS,322,786,1108,Orange County Kansas
KY,46,4627,4673,Osceola County Kentucky
NC,910,3900,4810,Palm Beach County North Carolina
TN,356,2599,2955,Pasco County Tennessee
CO,1944,7300,9244,Pinellas County Colorado
GA,3867,14855,18722,Polk County Georgia
IL,2555,16475,19030,Putnam County Illinois
KS,2234,7844,10078,St. Johns County Kansas
KY,1958,11685,13643,St. Lucie County Kentucky
NC,2822,10958,13780,Santa Rosa County North Carolina
TN,2268,9657,11925,Sarasota County Tennessee
CO,598,9199,9797,Seminole County Colorado
GA,2521,16754,19275,Sumter County Georgia
IL,1209,18374,19583,Suwannee County Illinois
KS,888,9743,10631,Taylor County Kansas
KY,612,13584,14196,Union County Kentucky
NC,1476,12857,14333,Volusia County North Carolina
TN,922,11556,12478,Wakulla County Tennessee
CO,241,819,1060,Walton County Colorado
GA,2164,8374,10538,Washington County Georgia
IL,852,9994,10846,Appling County Illinois
KS,531,1363,1894,Atkinson County Kansas
KY,255,5204,5459,Bacon County Kentucky
NC,1119,4477,5596,Baker County North Carolina
TN,565,3176,3741,Baldwin County Tennessee
CO,16,4695,4711,Banks County Colorado
GA,1939,12250,14189,Barrow County Georgia
IL,627,13870,14497,Bartow County Illinois
KS,306,5239,5545,Ben Hill County Kansas
KY,30,9080,9110,Berrien County Kentucky
NC,894,8353,9247,Bibb County North Carolina
TN,340,7052,7392,Bleckley County Tennessee
CO,395,4026,4421,Brantley County Colorado
GA,2318,11581,13899,Brooks County Georgia
IL,1006,13201,14207,Bryan County Illinois
KS,685,4570,5255,Bulloch County Kansas
KY,409,8411,8820,Burke County Kentucky
NC,1273,7684,8957,Butts County North Carolina
TN,719,6383,7102,Calhoun County Tennessee
CO,336,2618,2954,Camden County Colorado
GA,2259,10173,12432,Candler County Georgia
IL,947,11793,12740,Carroll County Illinois
KS,626,3162,3788,Catoosa County Kansas
KY,350,7003,7353,Charlton County Kentucky
NC,1214,6276,7490,Chatham County North Carolina
TN,660,4975,5635,Chattahoochee County Tennessee
CO,5472,47045,52517,Chattooga County Colorado
WI,3084,29187,32271,Cherokee County Wisconsin
CO,3081,31700,34781,Clarke County Colorado
WI,693,13842,14535,Clay County Wisconsin
CO,29,145,174,Clayton County Colorado
CO,126,908,1034,Clinch County Colorado
CO,124,1020,1144,Cobb County Colorado
MI,777,2899,3676,Coffee County Michigan
CO,792,2999,3791,Colquitt County Colorado
MI,1445,4878,6323,Columbia County Michigan
CO,471,5852,6323,Cook County Colorado
CO,6193,33565,39758,Coweta County Colorado
CO,616,4072,4688,Crawford County Colorado
CO,77,738,815,Crisp County Colorado
WI,242,3608,3850,Dade County Wisconsin
CO,266,3675,3941,Dawson County Colorado
WI,431,6545,6976,Decatur County Wisconsin
CO,660,3240,3900,DeKalb County Colorado
CO,2694,24301,26995,Dodge County Colorado
CO,9,45,54,Dooly County Colorado
CO,215,2639,2854,Dougherty County Colorado
CO,650,5174,5824,Douglas County Colorado
CO,1132,9293,10425,Early County Colorado
CO,895,4459,5354,Echols County Colorado
CO,785,5983,6768,Effingham County Colorado
CO,32,374,406,Elbert County Colorado
CO,141,1733,1874,Emanuel County Colorado
CO,51,557,608,Evans County Colorado
CO,29,277,306,Fannin County Colorado
CO,825,3582,4407,Fayette County Colorado
CO,8220,50185,58405,Floyd County Colorado
CO,57,784,841,Forsyth County Colorado
CO,688,3877,4565,Franklin County Colorado
CO,84,1199,1283,Fulton County Colorado
CO,318,1855,2173,Gilmer County Colorado
CO,5,131,136,Glascock County Colorado
CO,41,421,462,Glynn County Colorado
CO,47,315,362,Gordon County Colorado
CO,78,1578,1656,Grady County Colorado
CO,580,3080,3660,Greene County Colorado
CO,74,555,629,Gwinnett County Colorado
NC,877,2562,3439,Habersham County North Carolina
WI,385,7891,8276,Hall County Wisconsin
CO,577,2786,3363,Hancock County Colorado
NC,1380,4793,6173,Haralson County North Carolina
WI,888,10122,11010,Harris County Wisconsin
CO,370,8296,8666,Hart County Colorado
NC,1173,10303,11476,Heard County North Carolina
WI,681,15632,16313,Henry County Wisconsin
CO,4130,36012,40142,Houston County Colorado
CO,218,1427,1645,Irwin County Colorado
CO,6694,78696,85390,Jackson County Colorado
WI,3369,40710,44079,Jasper County Wisconsin
CO,3827,44153,47980,Jeff Davis County Colorado
WI,502,6167,6669,Jefferson County Wisconsin
CO,8688,72981,81669,Jenkins County Colorado
CO,380,3235,3615,Johnson County Colorado
CT,134002,543397,677399,Jones County Connecticut
DE,53959,51,54010,Lamar County Delaware
DE,116620,62,116682,Lanier County Delaware
DE,57360,46,57406,Laurens County Delaware
DC,61500,177599,239099,Lee County District of Columbia
FL,5440,55192,60632,Liberty County Florida
FL,789,8678,9467,Lincoln County Florida
FL,4493,50800,55293,Long County Florida
FL,867,8965,9832,Lowndes County Florida
FL,10149,108738,118887,Lumpkin County Florida
FL,41212,342771,383983,McDuffie County Florida
FL,487,4252,4739,McIntosh County Florida
FL,2028,31705,33733,Macon County Florida
FL,3003,35360,38363,Madison County Florida
FL,2250,35235,37485,Marion County Florida
FL,2972,60307,63279,Meriwether County Florida
FL,2723,23074,25797,Miller County Florida
FL,202408,789018,991426,Mitchell County Florida
FL,748,11698,12446,Monroe County Florida
FL,861,5909,6770,Montgomery County Florida
FL,24894,259746,284640,Morgan County Florida
FL,11598,92720,104318,Murray County Florida
FL,1710,20712,22422,Muscogee County Florida
FL,304,2947,3251,Newton County Florida
FL,2745,19715,22460,Oconee County Florida
FL,603,5029,5632,Oglethorpe County Florida
FL,460,3814,4274,Paulding County Florida
FL,627,5607,6234,Peach County Florida
FL,699,10941,11640,Pickens County Florida
FL,1444,18838,20282,Pierce County Florida
FL,4066,47932,51998,Pike County Florida
FL,2246,26994,29240,Polk County Florida
FL,49153,358176,407329,Pulaski County Florida
FL,807,8525,9332,Putnam County Florida
FL,2769,27713,30482,Quitman County Florida
FL,1589,13610,15199,Rabun County Florida
FL,578,4044,4622,Randolph County Florida
FL,121,1716,1837,Richmond County Florida
FL,5855,69025,74880,Rockdale County Florida
FL,9368,146603,155971,Schley County Florida
FL,5941,54626,60567,Screven County Florida
FL,1352,13299,14651,Seminole County Florida
FL,232,2025,2257,Spalding County Florida
FL,1013,7240,8253,Stephens County Florida
FL,5532,74123,79655,Stewart County Florida
FL,7985,103771,111756,Sumter County Florida
FL,1487,21245,22732,Talbot County Florida
FL,1491,12186,13677,Taliaferro County Florida
FL,989,14790,15779,Tattnall County Florida
FL,2809,31111,33920,Taylor County Florida
FL,977,13783,14760,Telfair County Florida
FL,31336,285011,316347,Terrell County Florida
FL,8735,94888,103623,Thomas County Florida
FL,20906,220837,241743,Tift County Florida
FL,10510,115144,125654,Toombs County Florida
FL,23574,204419,227993,Towns County Florida
FL,17951,182862,200813,Treutlen County Florida
FL,3413,34963,38376,Troup County Florida
FL,2013,23402,25415,Turner County Florida
FL,7463,73888,81351,Twiggs County Florida
FL,2110,26941,29051,Union County Florida
FL,5003,67751,72754,Upson County Florida
FL,5827,64297,70124,Walker County Florida
FL,1583,15147,16730,Walton County Florida
FL,1356,14747,16103,Ware County Florida
FL,835,7896,8731,Warren County Florida
FL,467,4598,5065,Washington County Florida
FL,12631,131789,144420,Wayne County Florida
FL,583,6454,7037,Webster County Florida
FL,796,9709,10505,Wheeler County Florida
FL,681,8037,8718,White County Florida
GA,1561,6302,7863,Whitfield County Georgia
GA,763,3859,4622,Wilcox County Georgia
GA,948,3113,4061,Wilkes County Georgia
GA,579,1540,2119,Wilkinson County Georgia
GA,3477,14100,17577,Worth County Georgia
GA,1149,4947,6096,Hawaii County Georgia
GA,3213,17546,20759,Honolulu County/city Georgia
GA,5639,31094,36733,Kauai County Georgia
GA,2214,8658,10872,Maui County Georgia
GA,1652,7382,9034,Ada County Georgia
GA,18296,63907,82203,Adams County Georgia
GA,858,3589,4447,Bannock County Georgia
GA,1223,5749,6972,Bear Lake County Georgia
GA,1623,6293,7916,Benewah County Georgia
GA,1055,5278,6333,Bingham County Georgia
GA,4210,15914,20124,Blaine County Georgia
GA,3291,10636,13927,Boise County Georgia
NC,4352,16441,20793,Bonner County North Carolina
GA,2986,17360,20346,Bonneville County Georgia
NC,4047,23165,27212,Boundary County North Carolina
GA,1334,8022,9356,Butte County Georgia
GA,688,2325,3013,Camas County Georgia
GA,2255,11623,13878,Canyon County Georgia
NJ,31303,33910,65213,Caribou County New Jersey
NC,1287,6327,7614,Cassia County North Carolina
GA,29933,30665,60598,Clark County Georgia
NJ,58981,52952,111933,Clearwater County New Jersey
NC,28965,25369,54334,Custer County North Carolina
GA,1245,6808,8053,Elmore County Georgia
NJ,30293,29095,59388,Franklin County New Jersey
NC,277,1512,1789,Fremont County North Carolina
GA,1110,4120,5230,Gem County Georgia
GA,11190,31264,42454,Gooding County Georgia
IL,5534,16975,22509,Idaho County Illinois
KY,5496,17491,22987,Jefferson County Kentucky
TN,6346,21096,27442,Jerome County Tennessee
GA,5794,17862,23656,Kootenai County Georgia
IL,138,3573,3711,Latah County Illinois
KY,100,4089,4189,Lemhi County Kentucky
TN,950,7694,8644,Lewis County Tennessee
GA,5744,18460,24204,Lincoln County Georgia
IL,88,4171,4259,Madison County Illinois
KY,50,4687,4737,Minidoka County Kentucky
TN,900,8292,9192,Nez Perce County Tennessee
GA,6604,21825,28429,Oneida County Georgia
IL,948,7536,8484,Owyhee County Illinois
KY,910,8052,8962,Payette County Kentucky
TN,1760,11657,13417,Power County Tennessee
GA,3044,16791,19835,Shoshone County Georgia
GA,905,4960,5865,Teton County Georgia
GA,12728,67402,80130,Twin Falls County Georgia
NC,7091,36624,43715,Valley County North Carolina
GA,6992,39316,46308,Washington County Georgia
NC,1355,8538,9893,Adams County North Carolina
GA,357,1578,1935,Alexander County Georgia
GA,2386,8540,10926,Bond County Georgia
GA,2989,24088,27077,Boone County Georgia
KS,2553,13730,16283,Brown County Kansas
NC,2032,14863,16895,Bureau County North Carolina
GA,2665,15139,17804,Calhoun County Georgia
KS,2229,4781,7010,Carroll County Kansas
NC,1708,5914,7622,Cass County North Carolina
GA,1931,16564,18495,Champaign County Georgia
KS,1495,6206,7701,Christian County Kansas
NC,974,7339,8313,Clark County North Carolina
GA,7271,28894,36165,Clay County Georgia
GA,704,1634,2338,Clinton County Georgia
GA,20763,108543,129306,Coles County Georgia
GA,957,2667,3624,Cook County Georgia
GA,19232,104847,124079,Crawford County Georgia
GA,3880,17596,21476,Cumberland County Georgia
TN,3183,18032,21215,DeKalb County Tennessee
GA,3412,18171,21583,De Witt County Georgia
TN,2715,18607,21322,Douglas County Tennessee
GA,4903,17962,22865,DuPage County Georgia
GA,2112,14374,16486,Edgar County Georgia
GA,1459,7114,8573,Edwards County Georgia
GA,4567,28764,33331,Effingham County Georgia
GA,1031,3998,5029,Fayette County Georgia
IL,524,4361,4885,Ford County Illinois
KS,1951,6443,8394,Franklin County Kansas
GA,569,4325,4894,Fulton County Georgia
IL,62,4688,4750,Gallatin County Illinois
KS,1489,6770,8259,Greene County Kansas
GA,2117,6202,8319,Grundy County Georgia
IL,1610,6565,8175,Hamilton County Illinois
KS,3037,8647,11684,Hancock County Kansas
GA,3017,10599,13616,Hardin County Georgia
GA,769,3524,4293,Henderson County Georgia
GA,671,4843,5514,Henry County Georgia
GA,3551,12218,15769,Iroquois County Georgia
GA,40630,195311,235941,Jackson County Georgia
GA,2082,7198,9280,Jasper County Georgia
GA,1184,4472,5656,Jefferson County Georgia
GA,13957,47059,61016,Jersey County Georgia
GA,6071,36007,42078,Jo Daviess County Georgia
GA,2129,5337,7466,Johnson County Georgia
GA,89,771,860,Kane County Georgia
GA,1770,10054,11824,Kankakee County Georgia
GA,1884,6492,8376,Kendall County Georgia
GA,2716,8725,11441,Knox County Georgia
GA,1048,4142,5190,Lake County Georgia
GA,1150,6286,7436,LaSalle County Georgia
GA,1682,10968,12650,Lawrence County Georgia
IL,764,8454,9218,Lee County Illinois
KY,2066,37556,39622,Livingston County Kentucky
TN,1615,11012,12627,Logan County Tennessee
GA,1013,9147,10160,McDonough County Georgia
IL,95,6633,6728,McHenry County Illinois
KY,1397,35735,37132,McLean County Kentucky
TN,946,9191,10137,Macon County Tennessee
GA,2182,36822,39004,Macoupin County Georgia
IL,1264,34308,35572,Madison County Illinois
KY,2566,63410,65976,Marion County Kentucky
TN,2115,36866,38981,Marshall County Tennessee
GA,1860,11540,13400,Mason County Georgia
IL,942,9026,9968,Massac County Illinois
KY,2244,38128,40372,Menard County Kentucky
TN,1793,11584,13377,Mercer County Tennessee
GA,7485,26797,34282,Monroe County Georgia
KY,3841,26334,30175,Montgomery County Kentucky
GA,4107,26659,30766,Morgan County Georgia
KY,463,26196,26659,Moultrie County Kentucky
GA,2036,13220,15256,Ogle County Georgia
NC,12384,40911,53295,Peoria County North Carolina
GA,6336,44620,50956,Perry County Georgia
NC,16684,72311,88995,Piatt County North Carolina
GA,1680,7032,8712,Pike County Georgia
IL,1014,11374,12388,Pope County Illinois
KS,1630,5772,7402,Pulaski County Kansas
KY,1104,10785,11889,Putnam County Kentucky
NC,2614,10730,13344,Randolph County North Carolina
TN,1730,8995,10725,Richland County Tennessee
GA,1017,11343,12360,Rock Island County Georgia
IL,351,15685,16036,St. Clair County Illinois
KS,967,10083,11050,Saline County Kansas
KY,441,15096,15537,Sangamon County Kentucky
NC,1951,15041,16992,Schuyler County North Carolina
TN,1067,13306,14373,Scott County Tennessee
GA,1670,5936,7606,Shelby County Georgia
IL,1004,10278,11282,Stark County Illinois
KS,1620,4676,6296,Stephenson County Kansas
KY,1094,9689,10783,Tazewell County Kentucky
NC,2604,9634,12238,Union County North Carolina
TN,1720,7899,9619,Vermilion County Tennessee
GA,1157,10768,11925,Wabash County Georgia
IL,491,15110,15601,Warren County Illinois
KS,1107,9508,10615,Washington County Kansas
KY,581,14521,15102,Wayne County Kentucky
NC,2091,14466,16557,White County North Carolina
TN,1207,12731,13938,Whiteside County Tennessee
GA,1699,11295,12994,Will County Georgia
IL,1033,15637,16670,Williamson County Illinois
KS,1649,10035,11684,Winnebago County Kansas
KY,1123,15048,16171,Woodford County Kentucky
NC,2633,14993,17626,Adams County North Carolina
TN,1749,13258,15007,Allen County Tennessee
GA,1859,9073,10932,Bartholomew County Georgia
IL,1193,13415,14608,Benton County Illinois
KS,1809,7813,9622,Blackford County Kansas
KY,1283,12826,14109,Boone County Kentucky
NC,2793,12771,15564,Brown County North Carolina
TN,1909,11036,12945,Carroll County Tennessee
GA,65894,264759,330653,Cass County Georgia
GA,1206,7265,8471,Clark County Georgia
GA,244,842,1086,Clay County Georgia
GA,4457,22188,26645,Clinton County Georgia
GA,3379,15801,19180,Crawford County Georgia
GA,2432,9171,11603,Daviess County Georgia
GA,1270,6134,7404,Dearborn County Georgia
IL,692,5032,5724,Decatur County Illinois
NC,1446,6319,7765,DeKalb County North Carolina
TN,2251,14143,16394,Delaware County Tennessee
GA,754,5227,5981,Dubois County Georgia
IL,176,4125,4301,Elkhart County Illinois
NC,930,5412,6342,Fayette County North Carolina
TN,1735,13236,14971,Floyd County Tennessee
GA,1140,6723,7863,Fountain County Georgia
IL,562,5621,6183,Franklin County Illinois
NC,1316,6908,8224,Fulton County North Carolina
TN,2121,14732,16853,Gibson County Tennessee
GA,2365,14056,16421,Grant County Georgia
IL,1787,12954,14741,Greene County Illinois
NC,2541,14241,16782,Hamilton County North Carolina
TN,3346,22065,25411,Hancock County Tennessee
GA,20653,152030,172683,Harrison County Georgia
GA,1733,9094,10827,Hendricks County Georgia
GA,7012,43073,50085,Henry County Georgia
GA,1140,3700,4840,Howard County Georgia
IL,597,3968,4565,Huntington County Illinois
KY,590,3024,3614,Jackson County Kentucky
TN,961,4010,4971,Jasper County Tennessee
GA,632,3937,4569,Jay County Georgia
IL,89,4205,4294,Jefferson County Illinois
KY,82,3261,3343,Jennings County Kentucky
TN,453,4247,4700,Johnson County Tennessee
GA,622,3079,3701,Knox County Georgia
IL,79,3347,3426,Kosciusko County Illinois
KY,72,2403,2475,LaGrange County Kentucky
TN,443,3389,3832,Lake County Tennessee
GA,996,4068,5064,LaPorte County Georgia
IL,453,4336,4789,Lawrence County Illinois
KY,446,3392,3838,Madison County Kentucky
TN,817,4378,5195,Marion County Tennessee
GA,2607,9000,11607,Marshall County Georgia
GA,727,4371,5098,Martin County Georgia
GA,2150,7292,9442,Miami County Georgia
KY,1127,7465,8592,Monroe County Kentucky
GA,1218,7622,8840,Montgomery County Georgia
KY,195,7795,7990,Morgan County Kentucky
GA,1128,4120,5248,Newton County Georgia
GA,7084,42183,49267,Noble County Georgia
IL,3739,24323,28062,Ohio County Illinois
KY,3562,22701,26263,Orange County Kentucky
TN,4468,26870,31338,Owen County Tennessee
GA,3791,25790,29581,Parke County Georgia
IL,446,7930,8376,Perry County Illinois
KY,269,6308,6577,Pike County Kentucky
TN,1175,10477,11652,Porter County Tennessee
GA,3648,24426,28074,Posey County Georgia
IL,303,6566,6869,Pulaski County Illinois
KY,126,4944,5070,Putnam County Kentucky
TN,1032,9113,10145,Randolph County Tennessee
GA,4659,28343,33002,Ripley County Georgia
IL,1314,10483,11797,Rush County Illinois
KY,1137,8861,9998,St. Joseph County Kentucky
TN,2043,13030,15073,Scott County Tennessee
GA,7896,34658,42554,Shelby County Georgia
GA,861,3666,4527,Spencer County Georgia
GA,1046,4997,6043,Starke County Georgia
GA,1429,5986,7415,Steuben County Georgia
GA,2569,6723,9292,Sullivan County Georgia
IL,1641,10855,12496,Switzerland County Illinois
KS,1579,4181,5760,Tippecanoe County Kansas
KY,7414,121618,129032,Tipton County Kentucky
TN,2088,13085,15173,Union County Tennessee
GA,1657,10542,12199,Vanderburgh County Georgia
IL,729,14674,15403,Vermillion County Illinois
KS,667,8000,8667,Vigo County Kansas
KY,6502,125437,131939,Wabash County Kentucky
TN,1176,16904,18080,Warren County Tennessee
GA,1626,4217,5843,Warrick County Georgia
IL,698,8349,9047,Washington County Illinois
KS,636,1675,2311,Wayne County Kansas
KY,6471,119112,125583,Wells County Kentucky
TN,1145,10579,11724,White County Tennessee
GA,7576,114974,122550,Whitley County Georgia
IL,6648,119106,125754,Adair County Illinois
KS,6586,112432,119018,Adams County Kansas
KY,12421,229869,242290,Allamakee County Kentucky
TN,7095,121336,128431,Appanoose County Tennessee
GA,2192,12975,15167,Audubon County Georgia
IL,1264,17107,18371,Benton County Illinois
KS,1202,10433,11635,Black Hawk County Kansas
KY,7037,127870,134907,Boone County Kentucky
TN,1711,19337,21048,Bremer County Tennessee
GA,1257,3867,5124,Buchanan County Georgia
GA,1223,3365,4588,Buena Vista County Georgia
GA,1449,6819,8268,Butler County Georgia
GA,1213,5573,6786,Calhoun County Georgia
GA,1005,3853,4858,Carroll County Georgia
GA,5276,19025,24301,Cass County Georgia
GA,882,6068,6950,Cedar County Georgia
IL,451,4659,5110,Cerro Gordo County Illinois
KY,526,5712,6238,Cherokee County Kentucky
GA,514,4832,5346,Chickasaw County Georgia
IL,83,3423,3506,Clarke County Illinois
KY,158,4476,4634,Clay County Kentucky
GA,604,5843,6447,Clayton County Georgia
IL,173,4434,4607,Clinton County Illinois
KY,248,5487,5735,Crawford County Kentucky
GA,2588,13952,16540,Dallas County Georgia
GA,598,2163,2761,Davis County Georgia
GA,987,4822,5809,Decatur County Georgia
GA,7712,35938,43650,Delaware County Georgia
GA,1281,7306,8587,Des Moines County Georgia
GA,2428,8520,10948,Dickinson County Georgia
GA,929,3786,4715,Dubuque County Georgia
GA,1424,4353,5777,Emmet County Georgia
GA,1986,7938,9924,Fayette County Georgia
GA,805,2871,3676,Floyd County Georgia
GA,2657,8161,10818,Franklin County Georgia
GA,781,2366,3147,Fremont County Georgia
GA,3114,10804,13918,Greene County Georgia
KS,1521,5285,6806,Grundy County Kansas
NC,1856,6801,8657,Guthrie County North Carolina
GA,1711,5954,7665,Hamilton County Georgia
KS,118,435,553,Hancock County Kansas
NC,453,1951,2404,Hardin County North Carolina
GA,1864,7686,9550,Harrison County Georgia
KS,271,2167,2438,Henry County Kansas
NC,606,3683,4289,Howard County North Carolina
GA,1254,5660,6914,Humboldt County Georgia
GA,752,2997,3749,Ida County Georgia
IL,408,5337,5745,Iowa County Illinois
KS,2026,5069,7095,Jackson County Kansas
KY,471,6920,7391,Jasper County Kentucky
TN,4209,20940,25149,Jefferson County Tennessee
GA,438,5195,5633,Johnson County Georgia
IL,94,7535,7629,Jones County Illinois
KS,1712,7267,8979,Keokuk County Kansas
KY,157,9118,9275,Kossuth County Kentucky
TN,3895,23138,27033,Lee County Tennessee
GA,2040,4891,6931,Linn County Georgia
IL,1696,7231,8927,Louisa County Illinois
KS,3314,6963,10277,Lucas County Kansas
KY,1759,8814,10573,Lyon County Kentucky
TN,5497,22834,28331,Madison County Tennessee
GA,488,6876,7364,Mahaska County Georgia
IL,144,9216,9360,Marion County Illinois
KS,1762,8948,10710,Marshall County Kansas
KY,207,10799,11006,Mills County Kentucky
TN,3945,24819,28764,Mitchell County Tennessee
GA,4497,19587,24084,Monona County Georgia
IL,4153,21927,26080,Monroe County Illinois
KS,5771,21659,27430,Montgomery County Kansas
KY,4216,23510,27726,Muscatine County Kentucky
TN,7954,37530,45484,O'Brien County Tennessee
GA,1026,5349,6375,Osceola County Georgia
IL,606,7364,7970,Page County Illinois
KY,671,6253,6924,Palo Alto County Kentucky
TN,953,7170,8123,Plymouth County Tennessee
GA,663,7159,7822,Pocahontas County Georgia
IL,243,9174,9417,Polk County Illinois
KY,308,8063,8371,Pottawattamie County Kentucky
TN,590,8980,9570,Poweshiek County Tennessee
GA,665,6363,7028,Ringgold County Georgia
IL,245,8378,8623,Sac County Illinois
KY,310,7267,7577,Scott County Kentucky
TN,592,8184,8776,Shelby County Tennessee
GA,1015,7089,8104,Sioux County Georgia
IL,595,9104,9699,Story County Illinois
KY,660,7993,8653,Tama County Kentucky
TN,942,8910,9852,Taylor County Tennessee
GA,2820,15633,18453,Union County Georgia
GA,16735,62938,79673,Van Buren County Georgia
GA,6578,33538,40116,Wapello County Georgia
GA,573,3139,3712,Warren County Georgia
GA,869,3569,4438,Washington County Georgia
GA,3755,24901,28656,Wayne County Georgia
GA,2503,10246,12749,Webster County Georgia
GA,1340,8018,9358,Winnebago County Georgia
GA,1612,6553,8165,Winneshiek County Georgia
GA,712,4387,5099,Woodbury County Georgia
IL,375,4196,4571,Worth County Illinois
KY,592,18194,18786,Wright County Kentucky
GA,388,4323,4711,Allen County Georgia
IL,51,4132,4183,Anderson County Illinois
KY,268,18130,18398,Atchison County Kentucky
GA,613,18273,18886,Barber County Georgia
IL,276,18082,18358,Barton County Illinois
KY,493,32080,32573,Bourbon County Kentucky
GA,4052,13892,17944,Brown County Georgia
GA,891,2779,3670,Butler County Georgia
IL,557,2872,3429,Chase County Illinois
KY,866,14025,14891,Chautauqua County Kentucky
GA,576,2933,3509,Cherokee County Georgia
IL,242,3026,3268,Cheyenne County Illinois
KY,551,14179,14730,Clark County Kentucky
GA,872,13661,14533,Clay County Georgia
IL,538,13754,14292,Cloud County Illinois
KY,847,24907,25754,Coffey County Kentucky
GA,1280,6790,8070,Comanche County Georgia
GA,385,974,1359,Cowley County Georgia
GA,849,3824,4673,Crawford County Georgia
GA,1015,2848,3863,Decatur County Georgia
GA,20662,80963,101625,Dickinson County Georgia
GA,4463,27883,32346,Doniphan County Georgia
GA,343,1357,1700,Douglas County Georgia
GA,1884,5095,6979,Edwards County Georgia
GA,1256,3780,5036,Elk County Georgia
GA,6126,28622,34748,Ellis County Georgia
GA,2992,9173,12165,Ellsworth County Georgia
GA,655,2157,2812,Finney County Georgia
GA,4485,16049,20534,Ford County Georgia
GA,737,2326,3063,Franklin County Georgia
GA,261,849,1110,Geary County Georgia
GA,2064,6106,8170,Gove County Georgia
GA,958,3178,4136,Graham County Georgia
GA,1438,4350,5788,Grant County Georgia
GA,1723,5288,7011,Gray County Georgia
GA,4414,14539,18953,Greeley County Georgia
GA,4017,17901,21918,Greenwood County Georgia
GA,3132,11794,14926,Hamilton County Georgia
GA,462,2362,2824,Harper County Georgia
GA,866,3039,3905,Harvey County Georgia
GA,6752,20182,26934,Haskell County Georgia
GA,502,2175,2677,Hodgeman County Georgia
GA,905,2798,3703,Jackson County Georgia
GA,917,5266,6183,Jefferson County Georgia
GA,3123,10293,13416,Jewell County Georgia
GA,4622,18919,23541,Johnson County Georgia
GA,4695,21614,26309,Kearny County Georgia
GA,3436,12248,15684,Kingman County Georgia
GA,850,2514,3364,Kiowa County Georgia
GA,2145,7535,9680,Labette County Georgia
IL,1072,4455,5527,Lane County Illinois
KS,1123,3878,5001,Leavenworth County Kansas
KY,1072,5512,6584,Lincoln County Kentucky
TN,3309,19597,22906,Linn County Tennessee
GA,1112,4709,5821,Logan County Georgia
IL,39,1629,1668,Lyon County Illinois
KS,90,1052,1142,McPherson County Kansas
KY,39,2686,2725,Marion County Kentucky
TN,2276,16771,19047,Marshall County Tennessee
GA,1157,4114,5271,Meade County Georgia
IL,84,1034,1118,Miami County Illinois
KS,135,457,592,Mitchell County Kansas
KY,84,2091,2175,Montgomery County Kentucky
TN,2321,16176,18497,Morris County Tennessee
GA,1132,5655,6787,Morton County Georgia
IL,59,2575,2634,Nemaha County Illinois
KS,110,1998,2108,Neosho County Kansas
KY,59,3632,3691,Ness County Kentucky
TN,2296,17717,20013,Norton County Tennessee
GA,3377,19139,22516,Osage County Georgia
IL,2304,16059,18363,Osborne County Illinois
KS,2355,15482,17837,Ottawa County Kansas
KY,2304,17116,19420,Pawnee County Kentucky
TN,4541,31201,35742,Phillips County Tennessee
GA,2713,11036,13749,Pottawatomie County Georgia
IL,1373,7421,8794,Pratt County Illinois
KY,1393,10670,12063,Rawlins County Kentucky
NC,5749,22417,28166,Reno County North Carolina
TN,1667,8335,10002,Republic County Tennessee
GA,1442,7672,9114,Rice County Georgia
IL,102,4057,4159,Riley County Illinois
KY,122,7306,7428,Rooks County Kentucky
NC,4478,19053,23531,Rush County North Carolina
TN,396,4971,5367,Russell County Tennessee
GA,1464,11141,12605,Saline County Georgia
IL,124,7526,7650,Scott County Illinois
KY,144,10775,10919,Sedgwick County Kentucky
NC,4500,22522,27022,Seward County North Carolina
TN,418,8440,8858,Shawnee County Tennessee
GA,3419,23237,26656,Sheridan County Georgia
IL,2079,19622,21701,Sherman County Illinois
KY,2099,22871,24970,Smith County Kentucky
NC,6455,34618,41073,Stafford County North Carolina
TN,2373,20536,22909,Stanton County Tennessee
GA,1738,8608,10346,Stevens County Georgia
IL,398,4993,5391,Sumner County Illinois
KY,418,8242,8660,Thomas County Kentucky
NC,4774,19989,24763,Trego County North Carolina
TN,692,5907,6599,Wabaunsee County Tennessee
GA,235,939,1174,Wallace County Georgia
KY,200,2527,2727,Washington County Kentucky
GA,197,2482,2679,Wichita County Georgia
KY,162,4070,4232,Wilson County Kentucky
GA,565,2304,2869,Woodson County Georgia
GA,1370,6898,8268,Wyandotte County Georgia
GA,4624,27800,32424,Adair County Georgia
GA,854,3142,3996,Allen County Georgia
GA,1123,3961,5084,Anderson County Georgia
NC,3117,12392,15509,Ballard County North Carolina
GA,2203,12703,14906,Barren County Georgia
NC,4197,21134,25331,Bath County North Carolina
GA,889,4055,4944,Bell County Georgia
GA,1887,8147,10034,Boone County Georgia
GU,52003,22668,74671,Bourbon County Guam
HI,17453,50707,68160,Boyd County Hawaii
HI,46532,119525,166057,Boyle County Hawaii
HI,2719,12595,15314,Bracken County Hawaii
HI,6558,22602,29160,Breathitt County Hawaii
ID,16133,380017,396150,Breckinridge County Idaho
IL,796,16814,17610,Bullitt County Illinois
PA,1012,14089,15101,Butler County Pennsylvania
IL,965,14107,15072,Caldwell County Illinois
PA,1181,11382,12563,Calloway County Pennsylvania
IL,1109,4600,5709,Campbell County Illinois
NC,1506,6802,8308,Carlisle County North Carolina
IL,911,6985,7896,Carroll County Illinois
NC,1308,9187,10495,Carter County North Carolina
IL,298,4252,4550,Casey County Illinois
IL,111,9760,9871,Christian County Illinois
KY,394,14674,15068,Clark County Kentucky
IL,354,14214,14568,Clay County Illinois
KY,637,19128,19765,Clinton County Kentucky
IL,39,659,698,Crittenden County Illinois
KS,398,1377,1775,Cumberland County Kansas
IL,431,1281,1712,Daviess County Illinois
KS,790,1999,2789,Edmonson County Kansas
IL,185,6895,7080,Elliott County Illinois
IL,3,914,917,Estill County Illinois
SC,293,2988,3281,Fayette County South Carolina
IL,222,2987,3209,Fleming County Illinois
SC,512,5061,5573,Floyd County South Carolina
IL,63,2697,2760,Franklin County Illinois
IL,2059,39465,41524,Fulton County Illinois
IL,266,8862,9128,Gallatin County Illinois
KY,602,17537,18139,Garrard County Kentucky
IL,538,17613,18151,Grant County Illinois
KY,874,26288,27162,Graves County Kentucky
IL,135,3451,3586,Grayson County Illinois
KS,125,1760,1885,Green County Kansas
KY,240,8716,8956,Greenup County Kentucky
IL,103,1847,1950,Hancock County Illinois
KS,93,156,249,Hardin County Kansas
KY,208,7112,7320,Harlan County Kentucky
IL,232,8522,8754,Harrison County Illinois
KS,222,6831,7053,Hart County Kansas
KY,337,13787,14124,Henderson County Kentucky
IL,103,3661,3764,Henry County Illinois
KS,190,2251,2441,Hickman County Kansas
KY,106,11032,11138,Hopkins County Kentucky
TN,363,3704,4067,Jackson County Tennessee
IL,185,2303,2488,Jefferson County Illinois
KS,272,893,1165,Jessamine County Kansas
KY,188,9674,9862,Johnson County Kentucky
TN,445,2346,2791,Kenton County Tennessee
IL,113,11025,11138,Knott County Illinois
KS,200,9615,9815,Knox County Kansas
KY,116,18396,18512,Larue County Kentucky
TN,373,11068,11441,Laurel County Tennessee
IL,393,3720,4113,Lawrence County Illinois
KS,480,2310,2790,Lee County Kansas
KY,396,11091,11487,Leslie County Kentucky
TN,653,3763,4416,Letcher County Tennessee
IL,190,5229,5419,Lewis County Illinois
KY,101,5368,5469,Lincoln County Kentucky
IL,117,5398,5515,Livingston County Illinois
KY,28,5537,5565,Logan County Kentucky
IL,407,13051,13458,Lyon County Illinois
IL,1,3806,3807,McCracken County Illinois
IL,6383,21609,27992,McCreary County Illinois
IL,3417,36972,40389,McLean County Illinois
IL,7146,48428,55574,Madison County Illinois
IL,4127,85757,89884,Magoffin County Illinois
IL,11380,137867,149247,Marion County Illinois
IL,4667,85087,89754,Marshall County Illinois
IL,7042,56715,63757,Martin County Illinois
IL,8279,151377,159656,Mason County Illinois
IL,6132,31630,37762,Meade County Illinois
IL,4109,146353,150462,Menifee County Illinois
IL,7617,43242,50859,Mercer County Illinois
IL,5423,49257,54680,Metcalfe County Illinois
IL,9780,66490,76270,Monroe County Illinois
IL,16,3,19,Montgomery County Illinois
IL,3361,1632,4993,Morgan County Illinois
IL,11570,65640,77210,Muhlenberg County Illinois
IL,0,40108,40108,Nelson County Illinois
IL,19955,112528,132483,Nicholas County Illinois
IL,12339,188435,200774,Ohio County Illinois
IL,11813,88197,100010,Oldham County Illinois
IL,5337,74588,79925,Owen County Illinois
IL,40,2319,2359,Owsley County Illinois
KY,76,2834,2910,Pendleton County Kentucky
NJ,11787,16453,28240,Perry County New Jersey
TN,1050,11055,12105,Pike County Tennessee
IL,72,2862,2934,Powell County Illinois
KY,108,3377,3485,Pulaski County Kentucky
NJ,11819,16996,28815,Robertson County New Jersey
TN,1082,11598,12680,Rockcastle County Tennessee
IL,11200,14349,25549,Rowan County Illinois
KY,11236,14864,26100,Russell County Kentucky
NJ,22947,28483,51430,Scott County New Jersey
TN,12210,23085,35295,Shelby County Tennessee
IL,1054,10712,11766,Simpson County Illinois
KY,1090,11227,12317,Spencer County Kentucky
NJ,12801,24846,37647,Taylor County New Jersey
TN,2064,19448,21512,Todd County Tennessee
IL,622,16143,16765,Trigg County Illinois
TN,735,11757,12492,Trimble County Tennessee
IL,761,12346,13107,Union County Illinois
TN,874,7960,8834,Warren County Tennessee
IL,92,3293,3385,Washington County Illinois
IL,2732,93212,95944,Wayne County Illinois
IL,129,5947,6076,Webster County Illinois
IL,44,1205,1249,Whitley County Illinois
KS,57,769,826,Wolfe County Kansas
IL,56,829,885,Woodford County Illinois
KS,69,393,462,Acadia Parish Kansas
IL,103,6810,6913,Allen Parish Illinois
IL,52,2543,2595,Ascension Parish Illinois
KS,957,3975,4932,Assumption Parish Kansas
IL,850,3766,4616,Avoyelles Parish Illinois
KS,1755,5198,6953,Beauregard Parish Kansas
IL,319,9117,9436,Bienville Parish Illinois
KY,259,6307,6566,Bossier Parish Kentucky
IL,217,6532,6749,Caddo Parish Illinois
KY,157,3722,3879,Calcasieu Parish Kentucky
IL,14,1894,1908,Caldwell Parish Illinois
KY,18,2747,2765,Cameron Parish Kentucky
IL,21,2626,2647,Catahoula Parish Illinois
KY,25,3479,3504,Claiborne Parish Kentucky
IL,106,5720,5826,Concordia Parish Illinois
TN,662,7253,7915,De Soto Parish Tennessee
IL,689,7415,8104,East Baton Rouge Parish Illinois
TN,1245,8948,10193,East Carroll Parish Tennessee
IL,74,2022,2096,East Feliciana Parish Illinois
KS,73,1140,1213,Evangeline Parish Kansas
IL,73,1143,1216,Franklin Parish Illinois
KS,72,261,333,Grant Parish Kansas
IL,78,1230,1308,Iberia Parish Illinois
KY,194,13772,13966,Iberville Parish Kentucky
TN,971,6459,7430,Jackson Parish Tennessee
IL,216,13753,13969,Jefferson Parish Illinois
KY,332,26295,26627,Jefferson Davis Parish Kentucky
TN,1109,18982,20091,Lafayette Parish Tennessee
IL,988,6602,7590,Lafourche Parish Illinois
KY,1104,19144,20248,LaSalle Parish Kentucky
TN,1881,11831,13712,Lincoln Parish Tennessee
IL,7,1018,1025,Livingston Parish Illinois
KY,363,8276,8639,Madison Parish Kentucky
NC,2257,9199,11456,Morehouse Parish North Carolina
TN,867,6405,7272,Natchitoches Parish Tennessee
IL,394,7804,8198,Orleans Parish Illinois
KY,750,15062,15812,Ouachita Parish Kentucky
NC,2644,15985,18629,Plaquemines Parish North Carolina
TN,1254,13191,14445,Pointe Coupee Parish Tennessee
IL,1148,9311,10459,Rapides Parish Illinois
KY,1504,16569,18073,Red River Parish Kentucky
NC,3398,17492,20890,Richland Parish North Carolina
TN,2008,14698,16706,Sabine Parish Tennessee
IL,861,6327,7188,St. Bernard Parish Illinois
KY,1217,13585,14802,St. Charles Parish Kentucky
NC,3111,14508,17619,St. Helena Parish North Carolina
TN,1721,11714,13435,St. James Parish Tennessee
IL,313,7150,7463,St. John the Baptist Parish Illinois
IL,20,1667,1687,St. Landry Parish Illinois
IL,72,4431,4503,St. Martin Parish Illinois
IL,52,2853,2905,St. Mary Parish Illinois
IL,52,2446,2498,St. Tammany Parish Illinois
KS,5169,16482,21651,Tangipahoa Parish Kansas
KY,178,7878,8056,Tensas Parish Kentucky
TN,733,5014,5747,Terrebonne Parish Tennessee
IL,4921,14978,19899,Union Parish Illinois
KS,10038,29014,39052,Vermilion Parish Kansas
KY,5047,20410,25457,Vernon Parish Kentucky
TN,5602,17546,23148,Washington Parish Tennessee
IL,201,7746,7947,Webster Parish Illinois
KS,5318,21782,27100,West Baton Rouge Parish Kansas
KY,327,13178,13505,West Carroll Parish Kentucky
TN,882,10314,11196,West Feliciana Parish Tennessee
IL,706,4892,5598,Winn Parish Illinois
KS,5823,18928,24751,Androscoggin County Kansas
KY,832,10324,11156,Aroostook County Kentucky
TN,1387,7460,8847,Cumberland County Tennessee
IL,4281,104154,108435,Franklin County Illinois
IL,1606,34168,35774,Hancock County Illinois
IL,145,11917,12062,Kennebec County Illinois
IL,528,14805,15333,Knox County Illinois
KY,589,19417,20006,Lincoln County Kentucky
TN,10070,60095,70165,Oxford County Tennessee
IL,601,19487,20088,Penobscot County Illinois
KY,662,24099,24761,Piscataquis County Kentucky
TN,10143,64777,74920,Sagadahoc County Tennessee
IL,9926,57037,66963,Somerset County Illinois
KY,9987,61649,71636,Waldo County Kentucky
TN,19468,102327,121795,Washington County Tennessee
IL,4823,93190,98013,York County Illinois
TN,2660,46265,48925,Allegany County Tennessee
IL,2833,50811,53644,Anne Arundel County Illinois
TN,670,3886,4556,Baltimore County Tennessee
IL,549,27667,28216,Calvert County Illinois
IL,106,3832,3938,Caroline County Illinois
KY,123,6708,6831,Carroll County Kentucky
TN,1026,9682,10708,Cecil County Tennessee
IL,104,6731,6835,Charles County Illinois
KY,121,9607,9728,Dorchester County Kentucky
TN,1024,12581,13605,Frederick County Tennessee
IL,1042,9482,10524,Garrett County Illinois
KY,1059,12358,13417,Harford County Kentucky
TN,1962,15332,17294,Howard County Tennessee
IL,111,7387,7498,Kent County Illinois
KY,62,5113,5175,Montgomery County Kentucky
IL,93,5335,5428,Prince George's County Illinois
KY,44,3061,3105,Queen Anne's County Kentucky
IL,129,7902,8031,St. Mary's County Illinois
KS,120,3903,4023,Somerset County Kansas
KY,140,8350,8490,Talbot County Kentucky
IL,138,4200,4338,Washington County Illinois
KS,129,201,330,Wicomico County Kansas
KY,149,4648,4797,Worcester County Kentucky
IL,183,8617,8800,Baltimore city Illinois
KS,174,4618,4792,Barnstable County Kansas
KY,194,9065,9259,Berkshire County Kentucky
IL,291,5855,6146,Bristol County Illinois
IL,403,27805,28208,Dukes County Illinois
IL,1042,29138,30180,Essex County Illinois
KY,527,15875,16402,Franklin County Kentucky
IL,586,16529,17115,Hampden County Illinois
KY,71,3266,3337,Hampshire County Kentucky
IL,2072,36168,38240,Middlesex County Illinois
TN,1675,22863,24538,Nantucket County/town Tennessee
IL,1749,23654,25403,Norfolk County Illinois
TN,1352,10349,11701,Plymouth County Tennessee
IL,101,11325,11426,Suffolk County Illinois
IL,3437,66090,69527,Worcester County Illinois
KY,1925,45807,47732,Alcona County Kentucky
TN,6278,48022,54300,Alger County Tennessee
IL,1972,46196,48168,Allegan County Illinois
KY,460,25913,26373,Alpena County Kentucky
TN,4813,28128,32941,Antrim County Tennessee
IL,6437,48547,54984,Arenac County Illinois
KY,4925,28264,33189,Baraga County Kentucky
TN,9278,30479,39757,Barry County Tennessee
IL,759,15587,16346,Bay County Illinois
KS,552,8335,8887,Benzie County Kansas
KY,446,11665,12111,Berrien County Kentucky
TN,1260,13914,15174,Branch County Tennessee
IL,553,8307,8860,Calhoun County Illinois
KS,346,1055,1401,Cass County Kansas
KY,240,4385,4625,Charlevoix County Kentucky
TN,1054,6634,7688,Cheboygan County Tennessee
IL,445,11596,12041,Chippewa County Illinois
KS,238,4344,4582,Clare County Kansas
KY,132,7674,7806,Clinton County Kentucky
TN,946,9923,10869,Crawford County Tennessee
IL,1304,13692,14996,Delta County Illinois
KS,1097,6440,7537,Dickinson County Kansas
KY,991,9770,10761,Eaton County Kentucky
TN,1805,12019,13824,Emmet County Tennessee
IL,64,2719,2783,Genesee County Illinois
KS,236,1980,2216,Gladwin County Kansas
KY,84,5529,5613,Gogebic County Kentucky
TN,592,6695,7287,Grand Traverse County Tennessee
IL,254,1859,2113,Gratiot County Illinois
KS,426,1120,1546,Hillsdale County Kansas
KY,274,4669,4943,Houghton County Kentucky
TN,782,5835,6617,Huron County Tennessee
IL,93,5427,5520,Ingham County Illinois
KS,265,4688,4953,Ionia County Kansas
KY,113,8237,8350,Iosco County Kentucky
TN,621,9403,10024,Iron County Tennessee
IL,621,6579,7200,Isabella County Illinois
KS,793,5840,6633,Jackson County Kansas
KY,641,9389,10030,Kalamazoo County Kentucky
TN,1149,10555,11704,Kalkaska County Tennessee
IL,154,4179,4333,Kent County Illinois
KY,324,5844,6168,Keweenaw County Kentucky
IL,343,5897,6240,Lake County Illinois
KY,513,7562,8075,Lapeer County Kentucky
IL,252,6091,6343,Leelanau County Illinois
IL,29,2033,2062,Lenawee County Illinois
IL,69,2550,2619,Livingston County Illinois
KY,98,4678,4776,Luce County Kentucky
NJ,15172,13586,28758,Mackinac County New Jersey
IL,74,4566,4640,Macomb County Illinois
KY,103,6694,6797,Manistee County Kentucky
NJ,15177,15602,30779,Marquette County New Jersey
IL,14394,11800,26194,Mason County Illinois
KY,14423,13928,28351,Mecosta County Kentucky
NJ,29497,22836,52333,Menominee County New Jersey
IL,71,1504,1575,Midland County Illinois
KY,77,3600,3677,Missaukee County Kentucky
TN,989,10618,11607,Monroe County Tennessee
IL,95,3405,3500,Montcalm County Illinois
KY,101,5501,5602,Montmorency County Kentucky
TN,1013,12519,13532,Muskegon County Tennessee
IL,1001,10306,11307,Newaygo County Illinois
KY,1007,12402,13409,Oakland County Kentucky
TN,1919,19420,21339,Oceana County Tennessee
IL,46,2279,2325,Ogemaw County Illinois
IL,134,12864,12998,Ontonagon County Illinois
IL,4389,56181,60570,Osceola County Illinois
IL,156,6376,6532,Oscoda County Illinois
KY,467,12696,13163,Otsego County Kentucky
TN,241,4721,4962,Ottawa County Tennessee
IL,445,12825,13270,Presque Isle County Illinois
KY,756,19145,19901,Roscommon County Kentucky
TN,530,11170,11700,Saginaw County Tennessee
IL,215,4941,5156,St. Clair County Illinois
KY,526,11261,11787,St. Joseph County Kentucky
TN,300,3286,3586,Sanilac County Tennessee
IL,36,1583,1619,Schoolcraft County Illinois
IL,53,1698,1751,Shiawassee County Illinois
IL,34,760,794,Tuscola County Illinois
TN,1773,12981,14754,Van Buren County Tennessee
IL,1786,12283,14069,Washtenaw County Illinois
TN,3525,24504,28029,Wayne County Tennessee
IL,352,7590,7942,Wexford County Illinois
NC,4212,21960,26172,Aitkin County North Carolina
IL,1896,23373,25269,Anoka County Illinois
NC,5756,37743,43499,Becker County North Carolina
IL,178,4612,4790,Beltrami County Illinois
SC,5839,56535,62374,Benton County South Carolina
IL,5295,53179,58474,Big Stone County Illinois
SC,10956,105102,116058,Blue Earth County South Carolina
IL,2671,35662,38333,Brown County Illinois
IL,8743,83558,92301,Carlton County Illinois
IL,306,10807,11113,Carver County Illinois
KS,1958,9801,11759,Cass County Kansas
IL,1741,9909,11650,Chippewa County Illinois
KS,3393,8903,12296,Chisago County Kansas
IL,3384,51661,55045,Clay County Illinois
IL,57,1499,1556,Clearwater County Illinois
IL,4,798,802,Cook County Illinois
KS,78,613,691,Cottonwood County Kansas
KY,132,6683,6815,Crow Wing County Kentucky
TN,1125,7166,8291,Dakota County Tennessee
IL,94,611,705,Dodge County Illinois
KS,168,426,594,Douglas County Kansas
KY,222,6496,6718,Faribault County Kentucky
TN,1215,6979,8194,Fillmore County Tennessee
IL,147,6409,6556,Freeborn County Illinois
KS,221,6224,6445,Goodhue County Kansas
KY,275,12294,12569,Grant County Kentucky
TN,1268,12777,14045,Hennepin County Tennessee
IL,1138,7039,8177,Houston County Illinois
KS,1212,6854,8066,Hubbard County Kansas
KY,1266,12924,14190,Isanti County Kentucky
TN,2259,13407,15666,Itasca County Tennessee
IL,142,3925,4067,Jackson County Illinois
KY,261,6770,7031,Kanabec County Kentucky
IL,228,6592,6820,Kandiyohi County Illinois
KY,347,9437,9784,Kittson County Kentucky
IL,29,931,960,Koochiching County Illinois
IL,958,13151,14109,Lac qui Parle County Illinois
IL,868,24463,25331,Lake County Illinois
IL,374,6516,6890,Lake of the Woods County Illinois
KY,246,5781,6027,Le Sueur County Kentucky
NJ,15075,23792,38867,Lincoln County New Jersey
NC,3958,19695,23653,Lyon County North Carolina
TN,701,7871,8572,McLeod County Tennessee
IL,309,5825,6134,Mahnomen County Illinois
KY,181,5090,5271,Marshall County Kentucky
NJ,15010,23101,38111,Martin County New Jersey
NC,3893,19004,22897,Meeker County North Carolina
TN,636,7180,7816,Mille Lacs County Tennessee
IL,14473,20424,34897,Morrison County Illinois
KY,14345,19689,34034,Mower County Kentucky
NJ,29174,37700,66874,Murray County New Jersey
NC,18057,33603,51660,Nicollet County North Carolina
TN,14800,21779,36579,Nobles County Tennessee
IL,1451,20611,22062,Norman County Illinois
KY,1323,19876,21199,Olmsted County Kentucky
NJ,16152,37887,54039,Otter Tail County New Jersey
NC,5035,33790,38825,Pennington County North Carolina
TN,1778,21966,23744,Pine County Tennessee
IL,674,7949,8623,Pipestone County Illinois
KY,546,7214,7760,Polk County Kentucky
NJ,15375,25225,40600,Pope County New Jersey
NC,4258,21128,25386,Ramsey County North Carolina
TN,1001,9304,10305,Red Lake County Tennessee
IL,2796,31139,33935,Redwood County Illinois
IL,84,3037,3121,Renville County Illinois
IL,240,4274,4514,Rice County Illinois
KY,575,18702,19277,Rock County Kentucky
NJ,2432,5679,8111,Roseau County New Jersey
TN,1025,10681,11706,St. Louis County Tennessee
IL,647,17677,18324,Scott County Illinois
KY,982,32105,33087,Sherburne County Kentucky
NJ,2839,19082,21921,Sibley County New Jersey
TN,1432,24084,25516,Stearns County Tennessee
IL,2339,5316,7655,Steele County Illinois
KY,2674,19744,22418,Stevens County Kentucky
NJ,4531,6721,11252,Swift County New Jersey
TN,3124,11723,14847,Todd County Tennessee
IL,1078,10705,11783,Traverse County Illinois
KY,1413,25133,26546,Wabasha County Kentucky
NJ,3270,12110,15380,Wadena County New Jersey
TN,1863,17112,18975,Waseca County Tennessee
IL,78,4147,4225,Washington County Illinois
TN,532,7324,7856,Watonwan County Tennessee
IL,569,7208,7777,Wilkin County Illinois
TN,1023,10385,11408,Winona County Tennessee
IL,339,12355,12694,Wright County Illinois
IL,4467,97001,101468,Yellow Medicine County Illinois
IL,819,21487,22306,Adams County Illinois
TN,1064,17306,18370,Alcorn County Tennessee
IL,1084,17501,18585,Amite County Illinois
TN,1329,13320,14649,Attala County Tennessee
IL,5402,97985,103387,Benton County Illinois
IL,49,3348,3397,Bolivar County Illinois
KY,85,4174,4259,Calhoun County Kentucky
IL,72,3986,4058,Carroll County Illinois
KY,108,4812,4920,Chickasaw County Kentucky
IN,1131,4806,5937,Choctaw County Indiana
IN,23169,72064,95233,Claiborne County Indiana
IN,3115,12846,15961,Clarke County Indiana
IN,440,1981,2421,Clay County Indiana
IN,1059,2917,3976,Coahoma County Indiana
IN,1340,5752,7092,Copiah County Indiana
IN,598,2576,3174,Covington County Indiana
IN,383,2596,2979,DeSoto County Indiana
MS,216,2596,2812,Forrest County Mississippi
IN,223,2668,2891,Franklin County Indiana
MS,56,2668,2724,George County Mississippi
IN,1846,8088,9934,Greene County Indiana
IN,5739,17273,23012,Grenada County Indiana
OH,7445,28964,36409,Hancock County Ohio
IN,7178,29673,36851,Harrison County Indiana
OH,8884,41364,50248,Hinds County Ohio
IN,1715,5297,7012,Holmes County Indiana
MN,2477,6524,9001,Humphreys County Minnesota
MN,884,2612,3496,Issaquena County Minnesota
MS,1186,7990,9176,Itawamba County Mississippi
IN,2382,6223,8605,Jackson County Indiana
MN,3144,7450,10594,Jasper County Minnesota
MN,1551,3538,5089,Jefferson County Minnesota
MS,1853,8916,10769,Jefferson Davis County Mississippi
IN,1098,8066,9164,Jones County Indiana
MN,1860,9293,11153,Kemper County Minnesota
MN,267,5381,5648,Lafayette County Minnesota
MS,569,10759,11328,Lamar County Mississippi
IN,1694,6752,8446,Lauderdale County Indiana
IN,737,2432,3169,Lawrence County Indiana
IN,1520,4746,6266,Leake County Indiana
IN,1646,7047,8693,Lee County Indiana
IN,1662,4998,6660,Leflore County Indiana
IN,1430,8226,9656,Lincoln County Indiana
IN,9288,24546,33834,Lowndes County Indiana
IN,987,3919,4906,Madison County Indiana
IN,12964,46243,59207,Marion County Indiana
IN,3534,7133,10667,Marshall County Indiana
IN,5728,11794,17522,Monroe County Indiana
VA,3240,7444,10684,Montgomery County Virginia
IN,3004,7672,10676,Neshoba County Indiana
VA,516,3322,3838,Newton County Virginia
IN,902,2806,3708,Noxubee County Indiana
IN,1232,3653,4885,Oktibbeha County Indiana
MS,652,3192,3844,Panola County Mississippi
OH,35537,152186,187723,Pearl River County Ohio
IN,660,3237,3897,Perry County Indiana
MS,80,2776,2856,Pike County Mississippi
OH,34965,151770,186735,Pontotoc County Ohio
IN,36194,142817,179011,Prentiss County Indiana
MS,35614,142356,177970,Quitman County Mississippi
OH,70499,291350,361849,Rankin County Ohio
IN,1393,4416,5809,Scott County Indiana
IN,1130,5174,6304,Sharkey County Indiana
IN,5748,16938,22686,Simpson County Indiana
IN,1717,6382,8099,Smith County Indiana
MS,921,5089,6010,Stone County Mississippi
IN,875,5364,6239,Sunflower County Indiana
MS,79,4071,4150,Tallahatchie County Mississippi
IN,2619,13183,15802,Tate County Indiana
IN,1950,8044,9994,Tippah County Indiana
MS,1090,10895,11985,Tishomingo County Mississippi
IN,1115,10941,12056,Tunica County Indiana
MS,255,13792,14047,Union County Mississippi
IN,1670,6273,7943,Walthall County Indiana
MS,2365,34642,37007,Warren County Mississippi
IN,2180,32156,34336,Washington County Indiana
MS,2875,60525,63400,Wayne County Mississippi
IN,1686,10539,12225,Webster County Indiana
IN,4609,10463,15072,Wilkinson County Indiana
IN,6314,18639,24953,Winston County Indiana
IN,1391,6824,8215,Yalobusha County Indiana
IN,2073,7718,9791,Yazoo County Indiana
MN,1184,4214,5398,Adair County Minnesota
MS,1918,21700,23618,Andrew County Mississippi
IN,1218,4423,5641,Atchison County Indiana
MN,329,919,1248,Audrain County Minnesota
MS,1063,18405,19468,Barry County Mississippi
IN,2028,21616,23644,Barton County Indiana
MN,1139,18112,19251,Bates County Minnesota
MS,1873,35598,37471,Benton County Mississippi
IN,1368,5108,6476,Bollinger County Indiana
MS,793,5966,6759,Boone County Mississippi
IN,702,6084,6786,Buchanan County Indiana
MS,127,6942,7069,Butler County Mississippi
IN,1102,4246,5348,Caldwell County Indiana
IN,1857,6375,8232,Callaway County Indiana
MS,1127,5138,6265,Camden County Mississippi
IN,1008,5159,6167,Cape Girardeau County Indiana
MS,278,3922,4200,Carroll County Mississippi
IN,1699,6887,8586,Carter County Indiana
IN,4313,18361,22674,Cass County Indiana
IN,3260,7031,10291,Cedar County Indiana
IN,1899,11547,13446,Chariton County Indiana
IN,576,3459,4035,Christian County Indiana
IN,56416,119811,176227,Clark County Indiana
IN,9700,25971,35671,Clay County Indiana
IN,2239,8951,11190,Clinton County Indiana
MS,1206,6566,7772,Cole County Mississippi
IN,1264,6769,8033,Cooper County Indiana
MS,231,4384,4615,Crawford County Mississippi
IN,9362,27784,37146,Dade County Indiana
MS,5363,23377,28740,Dallas County Mississippi
IN,5519,23929,29448,Daviess County Indiana
MS,1520,19522,21042,DeKalb County Mississippi
IN,111080,223178,334258,Dent County Indiana
MS,55134,113590,168724,Douglas County Mississippi
IN,56512,120565,177077,Dunklin County Indiana
MS,566,10977,11543,Franklin County Mississippi
IN,1777,8073,9850,Gasconade County Indiana
MN,1047,4382,5429,Gentry County Minnesota
MS,1217,10782,11999,Greene County Mississippi
IN,977,4464,5441,Grundy County Indiana
MN,247,773,1020,Harrison County Minnesota
MS,417,7173,7590,Henry County Mississippi
IN,1160,10639,11799,Hickory County Indiana
MN,430,6948,7378,Holt County Minnesota
MS,600,13348,13948,Howard County Mississippi
IN,476,1607,2083,Howell County Indiana
IN,2055,8016,10071,Iron County Indiana
IN,4238,14282,18520,Jackson County Indiana
IN,2149,6346,8495,Jasper County Indiana
IN,4608,12216,16824,Jefferson County Indiana
IN,724,2526,3250,Johnson County Indiana
MS,491,4972,5463,Knox County Mississippi
IN,476,4786,5262,Laclede County Indiana
MS,243,7232,7475,Lafayette County Mississippi
IN,1397,8253,9650,Lawrence County Indiana
IN,183,808,991,Lewis County Indiana
IN,1509,4607,6116,Lincoln County Indiana
VA,1107,4919,6026,Linn County Virginia
IN,1109,4959,6068,Livingston County Indiana
VA,707,5271,5978,McDonald County Virginia
IN,1296,4613,5909,Macon County Indiana
IN,998,2823,3821,Madison County Indiana
IN,807,2852,3659,Maries County Indiana
IN,707,1807,2514,Marion County Indiana
MS,862,10532,11394,Mercer County Mississippi
IN,813,10466,11279,Miller County Indiana
MS,968,19191,20159,Mississippi County Mississippi
IN,5543,20406,25949,Moniteau County Indiana
IN,1259,2850,4109,Monroe County Indiana
IN,959,2648,3607,Montgomery County Indiana
IN,1314,5724,7038,Morgan County Indiana
IN,1689,5760,7449,New Madrid County Indiana
IN,999,4393,5392,Newton County Indiana
IN,1176,3128,4304,Nodaway County Indiana
IN,21526,55278,76804,Oregon County Indiana
IN,2635,6917,9552,Osage County Indiana
MS,1549,8742,10291,Ozark County Mississippi
IN,1409,8726,10135,Pemiscot County Indiana
MS,323,10551,10874,Perry County Mississippi
IN,2053,8672,10725,Pettis County Indiana
IN,890,2548,3438,Phelps County Indiana
IN,2433,6901,9334,Pike County Indiana
IN,1203,6164,7367,Platte County Indiana
IN,1327,3870,5197,Polk County Indiana
IN,451,2039,2490,Pulaski County Indiana
IN,7057,24365,31422,Putnam County Indiana
IN,492,2268,2760,Ralls County Indiana
IN,687,1564,2251,Randolph County Indiana
MS,415,3986,4401,Ray County Mississippi
IN,382,4101,4483,Reynolds County Indiana
MS,110,6523,6633,Ripley County Mississippi
IN,12594,35639,48233,St. Charles County Indiana
IN,870,2908,3778,St. Clair County Indiana
IN,9125,23002,32127,Ste. Genevieve County Indiana
IN,1266,5707,6973,St. Francois County Indiana
IN,269,1049,1318,St. Louis County Indiana
MS,651,10493,11144,Saline County Mississippi
VA,631,4530,5161,Schuyler County Virginia
IN,657,10198,10855,Scotland County Indiana
MS,1039,19642,20681,Scott County Mississippi
VA,1019,13679,14698,Shannon County Virginia
IN,641,4356,4997,Shelby County Indiana
MS,1023,13800,14823,Stoddard County Mississippi
VA,1003,7837,8840,Stone County Virginia
IN,1199,6349,7548,Sullivan County Indiana
IN,1593,6568,8161,Taney County Indiana
MN,3558,8949,12507,Texas County Minnesota
MN,829,3218,4047,Vernon County Minnesota
MS,3294,21408,24702,Warren County Mississippi
IN,3343,8611,11954,Washington County Indiana
MN,5308,10992,16300,Wayne County Minnesota
MN,2579,5261,7840,Webster County Minnesota
MS,5044,23451,28495,Worth County Mississippi
IN,3355,21030,24385,Wright County Indiana
MN,5320,23411,28731,St. Louis city Minnesota
MN,2591,17680,20271,Beaverhead County Minnesota
MS,5056,35870,40926,Big Horn County Mississippi
IN,6149,15015,21164,Blaine County Indiana
MS,3301,11895,15196,Broadwater County Mississippi
IN,3299,12385,15684,Carbon County Indiana
MS,451,9265,9716,Carter County Mississippi
IN,796,3624,4420,Cascade County Indiana
IN,761,4524,5285,Chouteau County Indiana
IN,806,4462,5268,Custer County Indiana
IA,180,1157,1337,Daniels County Iowa
IA,142,718,860,Dawson County Iowa
OH,1356,5847,7203,Deer Lodge County Ohio
IA,1343,5833,7176,Fallon County Iowa
OH,2557,10962,13519,Fergus County Ohio
IA,500,2434,2934,Flathead County Iowa
IA,1059,3401,4460,Gallatin County Iowa
IA,120,735,855,Garfield County Iowa
IA,733,3606,4339,Glacier County Iowa
IA,8960,25062,34022,Golden Valley County Iowa
IA,980,4104,5084,Granite County Iowa
IA,383,1938,2321,Hill County Iowa
IA,606,2699,3305,Jefferson County Iowa
IA,973,3582,4555,Judith Basin County Iowa
IA,391,2102,2493,Lake County Iowa
OH,6384,38585,44969,Lewis and Clark County Ohio
IA,6184,35881,42065,Liberty County Iowa
OH,12177,72364,84541,Lincoln County Ohio
IA,229,1467,1696,McCone County Iowa
IA,579,2385,2964,Madison County Iowa
OH,770,4681,5451,Meagher County Ohio
IA,719,4549,5268,Mineral County Iowa
OH,910,6845,7755,Missoula County Ohio
IA,576,2857,3433,Musselshell County Iowa
IA,426,2139,2565,Park County Iowa
IA,1810,9629,11439,Petroleum County Iowa
IA,278,1511,1789,Phillips County Iowa
IA,246,1396,1642,Pondera County Iowa
IA,398,2395,2793,Powder River County Iowa
IA,799,2685,3484,Powell County Iowa
IA,466,1980,2446,Prairie County Iowa
IA,3587,11816,15403,Ravalli County Iowa
OH,2755,10875,13630,Richland County Ohio
IA,2664,11032,13696,Roosevelt County Iowa
OH,1832,10091,11923,Rosebud County Ohio
IA,661,2950,3611,Sanders County Iowa
OH,1638,7677,9315,Sheridan County Ohio
IA,1631,7534,9165,Silver Bow County Iowa
OH,2608,12261,14869,Stillwater County Ohio
IA,1228,6285,7513,Sweet Grass County Iowa
IA,384,1060,1444,Teton County Iowa
IA,532,2442,2974,Toole County Iowa
IA,730,2294,3024,Treasure County Iowa
IA,2902,11910,14812,Valley County Iowa
IA,439,1677,2116,Wheatland County Iowa
IA,4613,14479,19092,Wibaux County Iowa
IA,364,1623,1987,Yellowstone County Iowa
IA,1081,3908,4989,Adams County Iowa
OH,1475,5990,7465,Antelope County Ohio
IA,1359,5649,7008,Arthur County Iowa
OH,1753,7731,9484,Banner County Ohio
IA,587,3019,3606,Blaine County Iowa
IA,249,1710,1959,Boone County Iowa
IA,337,1412,1749,Box Butte County Iowa
IA,382,1700,2082,Boyd County Iowa
OH,2430,10937,13367,Brown County Ohio
IA,2396,10705,13101,Buffalo County Iowa
OH,4444,19942,24386,Burt County Ohio
IA,162,867,1029,Butler County Iowa
IA,267,1426,1693,Cass County Iowa
IA,514,2562,3076,Cedar County Iowa
IA,186,1574,1760,Chase County Iowa
OH,1122,6917,8039,Cherry County Ohio
IA,1039,6775,7814,Cheyenne County Iowa
OH,1975,12118,14093,Clay County Ohio
IA,586,2976,3562,Colfax County Iowa
OH,738,4411,5149,Cuming County Ohio
IA,793,4325,5118,Custer County Iowa
OH,945,5760,6705,Dakota County Ohio
IA,583,2430,3013,Dawes County Iowa
OH,932,3340,4272,Dawson County Ohio
IA,849,3300,4149,Deuel County Iowa
OH,1198,4210,5408,Dixon County Ohio
IA,1045,4424,5469,Dodge County Iowa
OH,784,4496,5280,Douglas County Ohio
IA,798,4635,5433,Dundy County Iowa
OH,537,4707,5244,Fillmore County Ohio
IA,321,1424,1745,Franklin County Iowa
IA,619,1150,1769,Frontier County Iowa
IA,117,1082,1199,Furnas County Iowa
IA,342,1743,2085,Gage County Iowa
IA,980,3354,4334,Garden County Iowa
OH,2123,7247,9370,Garfield County Ohio
IA,2128,7079,9207,Gosper County Iowa
OH,3271,10972,14243,Grant County Ohio
IA,1751,6552,8303,Greeley County Iowa
IA,914,3592,4506,Hall County Iowa
OH,3344,10540,13884,Hamilton County Ohio
IA,3258,10344,13602,Harlan County Iowa
OH,5688,17292,22980,Hayes County Ohio
IA,4230,14653,18883,Hitchcock County Iowa
IA,581,2786,3367,Holt County Iowa
IA,473,2041,2514,Hooker County Iowa
IA,462,1774,2236,Howard County Iowa
IA,2595,8816,11411,Jefferson County Iowa
IA,8438,37268,45706,Johnson County Iowa
IA,358,2148,2506,Kearney County Iowa
IA,467,2359,2826,Keith County Iowa
OH,22782,63249,86031,Keya Paha County Ohio
IA,22580,61029,83609,Kimball County Iowa
OH,44895,121919,166814,Knox County Ohio
IA,164,1086,1250,Lancaster County Iowa
IA,286,2138,2424,Lincoln County Iowa
OH,957,5045,6002,Logan County Ohio
IA,895,4935,5830,Loup County Iowa
OH,1566,7842,9408,McPherson County Ohio
IA,1758,4777,6535,Madison County Iowa
IA,1059,4461,5520,Merrick County Iowa
IA,1797,10306,12103,Morrill County Iowa
IA,358,2379,2737,Nance County Iowa
IA,116,947,1063,Nemaha County Iowa
IA,266,1659,1925,Nuckolls County Iowa
IA,409,1448,1857,Otoe County Iowa
OH,718,2366,3084,Pawnee County Ohio
WI,617,5348,5965,Perkins County Wisconsin
IA,656,2437,3093,Phelps County Iowa
OH,965,3355,4320,Pierce County Ohio
WI,864,6337,7201,Platte County Wisconsin
IA,526,5668,6194,Polk County Iowa
OH,835,6586,7421,Red Willow County Ohio
WI,734,9568,10302,Richardson County Wisconsin
IA,618,2907,3525,Rock County Iowa
OH,18072,65752,83824,Saline County Ohio
IA,17907,62220,80127,Sarpy County Iowa
OH,35361,125065,160426,Saunders County Ohio
IA,2353,10304,12657,Scotts Bluff County Iowa
IA,419,1835,2254,Seward County Iowa
IA,122,519,641,Sheridan County Iowa
IA,711,3523,4234,Sherman County Iowa
IA,290,1082,1372,Sioux County Iowa
IA,357,2278,2635,Stanton County Iowa
IA,335,1309,1644,Thayer County Iowa
IA,22485,87881,110366,Thomas County Iowa
IA,6025,21770,27795,Thurston County Iowa
IA,918,2291,3209,Valley County Iowa
IA,225,843,1068,Washington County Iowa
IA,251,1128,1379,Wayne County Iowa
IA,12060,41182,53242,Webster County Iowa
IA,329,1727,2056,Wheeler County Iowa
OH,827,5205,6032,York County Ohio
IA,765,5166,5931,Churchill County Iowa
OH,1263,8644,9907,Clark County Ohio
IA,463,1941,2404,Douglas County Iowa
IA,2240,9590,11830,Elko County Iowa
IA,540,2700,3240,Esmeralda County Iowa
IA,209,1036,1245,Eureka County Iowa
IA,679,3054,3733,Humboldt County Iowa
OH,939,4685,5624,Lander County Ohio
IA,934,4457,5391,Lincoln County Iowa
OH,1194,6088,7282,Lyon County Ohio
IA,319,1356,1675,Mineral County Iowa
IA,3037,10779,13816,Nye County Iowa
IA,943,5669,6612,Pershing County Iowa
IA,881,3284,4165,Storey County Iowa
OH,1965,7413,9378,Washoe County Ohio
IA,1997,7475,9472,White Pine County Iowa
OH,3081,11604,14685,Carson City Ohio
IA,326,1228,1554,Belknap County Iowa
OH,2475,10545,13020,Carroll County Ohio
IA,2366,9922,12288,Cheshire County Iowa
OH,4515,19239,23754,Coos County Ohio
IA,2107,8675,10782,Grafton County Iowa
IA,272,1728,2000,Hillsborough County Iowa
IA,506,1933,2439,Merrimack County Iowa
IA,4750,26734,31484,Rockingham County Iowa
IA,185,934,1119,Strafford County Iowa
IA,514,2328,2842,Sullivan County Iowa
KS,1431,2330,3761,Atlantic County Kansas
KY,716,4866,5582,Bergen County Kentucky
KS,761,4710,5471,Burlington County Kansas
KY,46,7246,7292,Camden County Kentucky
KS,551,1197,1748,Cape May County Kansas
KY,283,3518,3801,Cumberland County Kentucky
SC,2308,31293,33601,Essex County South Carolina
TN,1970,13707,15677,Gloucester County Tennessee
KS,307,3269,3576,Hudson County Kansas
KY,39,5590,5629,Hunterdon County Kentucky
SC,2064,33365,35429,Mercer County South Carolina
TN,1726,15779,17505,Middlesex County Tennessee
KS,2379,30154,32533,Monmouth County Kansas
KY,2111,32475,34586,Morris County Kentucky
SC,4136,60250,64386,Ocean County South Carolina
TN,3798,42664,46462,Passaic County Tennessee
KS,1911,13123,15034,Salem County Kansas
KY,1643,15444,17087,Somerset County Kentucky
SC,3668,43219,46887,Sussex County South Carolina
TN,3330,25633,28963,Union County Tennessee
KS,1498,3323,4821,Warren County Kansas
KS,182,417,599,Bernalillo County Kansas
KS,1520,4602,6122,Catron County Kansas
KS,1802,3289,5091,Chaves County Kansas
KY,1007,5008,6015,Cibola County Kentucky
KS,1053,4888,5941,Colfax County Kansas
KY,258,6607,6865,Curry County Kentucky
KS,2236,7707,9943,De Baca County Kansas
KY,1138,6357,7495,Dona Ana County Kentucky
KS,1243,6811,8054,Eddy County Kansas
KY,145,5461,5606,Grant County Kentucky
KS,89,324,413,Guadalupe County Kansas
KS,251,552,803,Harding County Kansas
KS,65,175,240,Hidalgo County Kansas
KS,523,1096,1619,Lea County Kansas
KS,423,1101,1524,Lincoln County Kansas
KS,25,138,163,Los Alamos County Kansas
KS,2515,6995,9510,Luna County Kansas
KS,98,236,334,McKinley County Kansas
TN,355,2481,2836,Mora County Tennessee
KS,384,2535,2919,Otero County Kansas
TN,641,4780,5421,Quay County Tennessee
KS,657,1818,2475,Rio Arriba County Kansas
KS,279,978,1257,Roosevelt County Kansas
KS,127,502,629,Sandoval County Kansas
KS,951,2633,3584,San Juan County Kansas
KS,131,462,593,San Miguel County Kansas
KS,2110,6700,8810,Santa Fe County Kansas
KS,1606,4253,5859,Sierra County Kansas
KS,33,143,176,Socorro County Kansas
KS,288,929,1217,Taos County Kansas
KY,236,5928,6164,Torrance County Kentucky
KS,238,5817,6055,Union County Kansas
KY,186,10816,11002,Valencia County Kentucky
KS,111,354,465,Albany County Kansas
KS,19,66,85,Allegany County Kansas
KS,458,1263,1721,Bronx County Kansas
KS,184,770,954,Broome County Kansas
KS,1341,4803,6144,Cattaraugus County Kansas
KS,51,341,392,Cayuga County Kansas
KS,45,163,208,Chautauqua County Kansas
KS,81,280,361,Chemung County Kansas
KS,148,424,572,Chenango County Kansas
KS,264,828,1092,Clinton County Kansas
KS,106,219,325,Columbia County Kansas
KS,2200,4060,6260,Cortland County Kansas
KS,50,89,139,Delaware County Kansas
KS,2673,7731,10404,Dutchess County Kansas
KS,118,261,379,Erie County Kansas
KY,164,5855,6019,Essex County Kentucky
NC,2043,8608,10651,Franklin County North Carolina
TN,924,6078,7002,Fulton County Tennessee
KS,161,5679,5840,Genesee County Kansas
KY,207,11273,11480,Greene County Kentucky
NC,2086,14026,16112,Hamilton County North Carolina
TN,967,11496,12463,Herkimer County Tennessee
KS,746,9575,10321,Jefferson County Kansas
KY,792,15169,15961,Kings County Kentucky
NC,2671,17922,20593,Lewis County North Carolina
TN,1552,15392,16944,Livingston County Tennessee
KS,1003,5618,6621,Madison County Kansas
KY,1049,11212,12261,Monroe County Kentucky
NC,2928,13965,16893,Montgomery County North Carolina
TN,1809,11435,13244,Nassau County Tennessee
KS,632,1497,2129,New York County Kansas
KS,1876,6780,8656,Niagara County Kansas
KY,916,4029,4945,Oneida County Kentucky
KS,980,4364,5344,Onondaga County Kansas
KY,20,1613,1633,Ontario County Kentucky
KS,772,2799,3571,Orange County Kansas
KS,120,404,524,Orleans County Kansas
KY,86,3559,3645,Oswego County Kentucky
KS,79,3529,3608,Otsego County Kansas
KY,45,6684,6729,Putnam County Kentucky
KS,1261,3665,4926,Queens County Kansas
KS,191,580,771,Rensselaer County Kansas
NJ,3945,7684,11629,Richmond County New Jersey
KS,3852,6007,9859,Rockland County Kansas
NJ,7606,13111,20717,St. Lawrence County New Jersey
KS,88,388,476,Saratoga County Kansas
KS,196,557,753,Schenectady County Kansas
KS,1474,3006,4480,Schoharie County Kansas
KS,81,283,364,Schuyler County Kansas
KS,181,464,645,Seneca County Kansas
KS,879,2377,3256,Steuben County Kansas
KS,152,425,577,Suffolk County Kansas
KS,176,472,648,Sullivan County Kansas
KS,206,728,934,Tioga County Kansas
KS,179,521,700,Tompkins County Kansas
KS,553,1758,2311,Ulster County Kansas
KS,336,1266,1602,Warren County Kansas
KS,49,154,203,Washington County Kansas
KS,4238,10599,14837,Wayne County Kansas
KS,169,402,571,Westchester County Kansas
KS,501,1134,1635,Wyoming County Kansas
KS,1580,3982,5562,Yates County Kansas
KS,207,567,774,Alamance County Kansas
KS,201,380,581,Alexander County Kansas
KS,435,806,1241,Alleghany County Kansas
KY,303,4839,5142,Anson County Kentucky
KS,318,4843,5161,Ashe County Kansas
KY,186,8876,9062,Avery County Kentucky
KS,36458,99337,135795,Beaufort County Kansas
KS,1389,3916,5305,Bertie County Kansas
KS,15537,30236,45773,Bladen County Kansas
KS,46,78,124,Brunswick County Kansas
KS,426,843,1269,Buncombe County Kansas
KS,109,373,482,Burke County Kansas
TN,409,3753,4162,Cabarrus County Tennessee
KS,391,3710,4101,Caldwell County Kansas
TN,691,7090,7781,Camden County Tennessee
KS,117,577,694,Carteret County Kansas
KS,44,249,293,Caswell County Kansas
KS,107,551,658,Catawba County Kansas
KS,1094,3533,4627,Chatham County Kansas
TN,3183,21069,24252,Cherokee County Tennessee
KS,3137,20452,23589,Chowan County Kansas
TN,5226,37988,43214,Clay County Tennessee
KS,217,701,918,Cleveland County Kansas
KS,92,177,269,Columbus County Kansas
KS,136,562,698,Craven County Kansas
KS,39,89,128,Cumberland County Kansas
KS,43,198,241,Currituck County Kansas
KS,735,1642,2377,Dare County Kansas
NC,3656,12680,16336,Davidson County North Carolina
KS,1920,13183,15103,Davie County Kansas
NC,4841,24221,29062,Duplin County North Carolina
KS,294,587,881,Durham County Kansas
KS,19694,38834,58528,Edgecombe County Kansas
KY,110,6739,6849,Forsyth County Kentucky
KY,60,2394,2454,Franklin County Kentucky
KY,448,15404,15852,Gaston County Kentucky
KY,100,6820,6920,Gates County Kentucky
KY,303,20339,20642,Graham County Kentucky
KY,745,18760,19505,Granville County Kentucky
KY,177,8775,8952,Greene County Kentucky
KY,175,3389,3564,Guilford County Kentucky
KY,367,10781,11148,Halifax County Kentucky
KY,102,7868,7970,Harnett County Kentucky
KY,328,16676,17004,Haywood County Kentucky
KY,71,4514,4585,Henderson County Kentucky
NC,2094,15257,17351,Hertford County North Carolina
KY,655,16151,16806,Hoke County Kentucky
NC,2678,26894,29572,Hyde County North Carolina
KY,150,7660,7810,Iredell County Kentucky
KY,646,19846,20492,Jackson County Kentucky
TN,1982,20853,22835,Johnston County Tennessee
KY,2027,20984,23011,Jones County Kentucky
TN,3363,21991,25354,Lee County Tennessee
KY,18,1636,1654,Lenoir County Kentucky
KY,263,14510,14773,Lincoln County Kentucky
TN,1393,17819,19212,McDowell County Tennessee
KY,1434,17477,18911,Macon County Kentucky
TN,2564,20786,23350,Madison County Tennessee
KY,32,7761,7793,Martin County Kentucky
KY,34,2565,2599,Mecklenburg County Kentucky
KY,1188,28525,29713,Mitchell County Kentucky
KY,94,4614,4708,Montgomery County Kentucky
KY,129,4321,4450,Moore County Kentucky
KY,167,9743,9910,Nash County Kentucky
KY,83,5957,6040,New Hanover County Kentucky
KY,86,6145,6231,Northampton County Kentucky
KY,89,12284,12373,Onslow County Kentucky
KY,79,11647,11726,Orange County Kentucky
KY,121,4373,4494,Pamlico County Kentucky
KY,76,12313,12389,Pasquotank County Kentucky
KY,432,19060,19492,Pender County Kentucky
KY,124,7131,7255,Perquimans County Kentucky
KY,45,1648,1693,Person County Kentucky
TN,712,6351,7063,Pitt County Tennessee
KY,724,6256,6980,Polk County Kentucky
TN,1391,10959,12350,Randolph County Tennessee
KY,586,16948,17534,Richmond County Kentucky
KY,487,13749,14236,Robeson County Kentucky
KY,1987,41114,43101,Rockingham County Kentucky
KY,132,10221,10353,Rowan County Kentucky
KY,146,5133,5279,Rutherford County Kentucky
KY,302,28415,28717,Sampson County Kentucky
KY,312,7351,7663,Scotland County Kentucky
KY,433,14303,14736,Stanly County Kentucky
KY,195,8197,8392,Stokes County Kentucky
TN,503,6841,7344,Surry County Tennessee
KY,460,7002,7462,Swain County Kentucky
TN,768,5646,6414,Transylvania County Tennessee
KY,747,19943,20690,Tyrrell County Kentucky
KY,212,12992,13204,Union County Kentucky
KY,210,10091,10301,Vance County Kentucky
KY,98,8628,8726,Wake County Kentucky
NC,1056,8383,9439,Warren County North Carolina
KY,804,8415,9219,Washington County Kentucky
NC,1762,8170,9932,Watauga County North Carolina
KY,128,3746,3874,Wayne County Kentucky
KY,125,4798,4923,Wilkes County Kentucky
KY,264,11579,11843,Wilson County Kentucky
KY,319,12952,13271,Yadkin County Kentucky
KY,73,3263,3336,Yancey County Kentucky
KY,212,9113,9325,Adams County Kentucky
KY,109,5061,5170,Barnes County Kentucky
KY,33,4269,4302,Benson County Kentucky
KY,274,4521,4795,Billings County Kentucky
KY,72,5215,5287,Bottineau County Kentucky
KY,69,8308,8377,Bowman County Kentucky
KY,10,1028,1038,Burke County Kentucky
TN,1047,10877,11924,Burleigh County Tennessee
KY,1050,10355,11405,Cass County Kentucky
TN,2087,20204,22291,Cavalier County Tennessee
KY,56,9184,9240,Dickey County Kentucky
KY,248,9502,9750,Divide County Kentucky
NC,4351,22067,26418,Dunn County North Carolina
KY,1731,23610,25341,Eddy County Kentucky
NC,5834,36175,42009,Emmons County North Carolina
KY,59,6091,6150,Foster County Kentucky
KY,51,3386,3437,Golden Valley County Kentucky
KY,288,9185,9473,Grand Forks County Kentucky
KY,109,4643,4752,Grant County Kentucky
KY,33,3784,3817,Griggs County Kentucky
KY,47,3074,3121,Hettinger County Kentucky
KY,57,23341,23398,Kidder County Kentucky
KY,177,5884,6061,LaMoure County Kentucky
LA,2467,23892,26359,Logan County Louisiana
LA,823,8818,9641,McHenry County Louisiana
LA,1358,22844,24202,McIntosh County Louisiana
LA,890,8913,9803,McKenzie County Louisiana
LA,2902,19884,22786,McLean County Louisiana
LA,829,9264,10093,Mercer County Louisiana
LA,742,6407,7149,Morton County Louisiana
LA,2027,26972,28999,Mountrail County Louisiana
LA,9250,97847,107097,Nelson County Louisiana
LA,4722,60383,65105,Oliver County Louisiana
LA,597,4157,4754,Pembina County Louisiana
LA,50,702,752,Pierce County Louisiana
LA,558,4494,5052,Ramsey County Louisiana
LA,901,6613,7514,Ransom County Louisiana
LA,1209,9884,11093,Renville County Louisiana
LA,1105,9762,10867,Richland County Louisiana
LA,10903,138191,149094,Rolette County Louisiana
LA,833,5939,6772,Sargent County Louisiana
LA,838,6526,7364,Sheridan County Louisiana
LA,2551,15320,17871,Sioux County Louisiana
LA,1102,10788,11890,Slope County Louisiana
LA,761,8380,9141,Stark County Louisiana
LA,2793,32349,35142,Steele County Louisiana
LA,1231,15269,16500,Stutsman County Louisiana
LA,574,5182,5756,Towner County Louisiana
LA,9722,100133,109855,Traill County Louisiana
LA,916,9787,10703,Walsh County Louisiana
LA,4759,52972,57731,Ward County Louisiana
LA,2336,27461,29797,Wells County Louisiana
LA,391,4076,4467,Williams County Louisiana
LA,1457,15011,16468,Adams County Louisiana
LA,1835,33594,35429,Allen County Louisiana
LA,896,7431,8327,Ashland County Louisiana
LA,2046,16535,18581,Ashtabula County Louisiana
LA,2289,18603,20892,Athens County Louisiana
LA,17635,149890,167525,Auglaize County Louisiana
LA,6015,63609,69624,Belmont County Louisiana
LA,428,5984,6412,Brown County Louisiana
LA,1008,7645,8653,Butler County Louisiana
LA,5393,47410,52803,Carroll County Louisiana
LA,420,4052,4472,Champaign County Louisiana
LA,929,10182,11111,Clark County Louisiana
LA,955,9186,10141,Clermont County Louisiana
LA,837,14098,14935,Clinton County Louisiana
LA,711,13725,14436,Columbiana County Louisiana
LA,685,6299,6984,Coshocton County Louisiana
LA,599,7677,8276,Crawford County Louisiana
LA,1174,18390,19564,Cuyahoga County Louisiana
LA,5486,41107,46593,Darke County Louisiana
LA,1715,19062,20777,Defiance County Louisiana
LA,2125,23191,25316,Delaware County Louisiana
LA,2944,40593,43537,Erie County Louisiana
LA,4616,53416,58032,Fairfield County Louisiana
LA,423,3446,3869,Fayette County Louisiana
LA,2719,36456,39175,Franklin County Louisiana
LA,742,7954,8696,Fulton County Louisiana
LA,1498,17890,19388,Gallia County Louisiana
LA,1002,12030,13032,Geauga County Louisiana
LA,2960,22467,25427,Greene County Louisiana
LA,1623,16682,18305,Guernsey County Louisiana
LA,547,7434,7981,Hamilton County Louisiana
LA,519,5018,5537,Hancock County Louisiana
LA,307,2413,2720,Hardin County Louisiana
LA,685,6388,7073,Harrison County Louisiana
ME,338232,123526,461758,Henry County Maine
MD,3645,20378,24023,Highland County Maryland
MD,9490,46976,56466,Hocking County Maryland
MD,20558,114073,134631,Holmes County Maryland
MD,1557,13217,14774,Huron County Maryland
MD,1490,8601,10091,Jackson County Maryland
MD,2282,14708,16990,Jefferson County Maryland
MD,3808,20124,23932,Knox County Maryland
MD,2589,20909,23498,Lake County Maryland
MD,2394,12380,14774,Lawrence County Maryland
MD,3572,23227,26799,Licking County Maryland
MD,1031,6792,7823,Logan County Maryland
MD,5251,28920,34171,Lorain County Maryland
MD,3906,19192,23098,Lucas County Maryland
MD,634,4230,4864,Madison County Maryland
MD,16173,73564,89737,Mahoning County Maryland
MD,22143,137738,159881,Marion County Maryland
MD,800,6010,6810,Medina County Maryland
MD,4078,16886,20964,Meigs County Maryland
MD,1410,7936,9346,Mercer County Maryland
MD,735,5329,6064,Miami County Maryland
MD,4958,30591,35549,Monroe County Maryland
MD,4577,26366,30943,Montgomery County Maryland
MD,833,10329,11162,Morgan County Maryland
MD,97048,246701,343749,Morrow County Maryland
MA,471572,1037375,1508947,Muskingum County Massachusetts
MI,487,2928,3415,Noble County Michigan
MI,347,2078,2425,Ottawa County Michigan
MI,4204,27775,31979,Paulding County Michigan
MI,2683,9358,12041,Perry County Michigan
MI,786,6529,7315,Pickaway County Michigan
MI,1243,5748,6991,Pike County Michigan
MI,462,2119,2581,Portage County Michigan
MI,2088,14750,16838,Preble County Michigan
MI,7747,31798,39545,Putnam County Michigan
MI,561,4483,5044,Richland County Michigan
MI,14266,46560,60826,Ross County Michigan
MI,3108,13464,16572,Sandusky County Michigan
MI,15324,49246,64570,Scioto County Michigan
MI,3094,16471,19565,Seneca County Michigan
MN,2689,10891,13580,Shelby County Minnesota
MN,1547,8023,9570,Stark County Minnesota
MI,2706,11088,13794,Summit County Michigan
MN,2301,5508,7809,Trumbull County Minnesota
MN,1159,2640,3799,Tuscarawas County Minnesota
MI,750,6535,7285,Union County Michigan
MI,1300,8785,10085,Van Wert County Michigan
MI,2003,9678,11681,Vinton County Michigan
WI,1477,11770,13247,Warren County Wisconsin
MI,1517,12452,13969,Washington County Michigan
WI,991,14544,15535,Wayne County Wisconsin
MI,3443,12825,16268,Williams County Michigan
MI,1375,11916,13291,Wood County Michigan
MI,704,4912,5616,Wyandot County Michigan
MI,861,6119,6980,Adair County Michigan
MI,3001,23202,26203,Alfalfa County Michigan
MI,914,8393,9307,Atoka County Michigan
MI,61538,153470,215008,Beaver County Michigan
MI,1896,8539,10435,Beckham County Michigan
MI,1681,4430,6111,Blaine County Michigan
MI,2509,21467,23976,Bryan County Michigan
MI,2234,12350,14584,Caddo County Michigan
MI,3142,13579,16721,Canadian County Michigan
MI,1473,8833,10306,Carter County Michigan
MI,1542,8219,9761,Cherokee County Michigan
MI,19206,87994,107200,Choctaw County Michigan
MI,326,1286,1612,Cimarron County Michigan
MI,2981,17365,20346,Cleveland County Michigan
MI,1987,9964,11951,Coal County Michigan
MI,789,3077,3866,Comanche County Michigan
WI,482,2311,2793,Cotton County Wisconsin
MI,444,2346,2790,Craig County Michigan
WI,137,1580,1717,Creek County Wisconsin
MI,2795,25268,28063,Custer County Michigan
MI,12060,46940,59000,Delaware County Michigan
WI,6088,25013,31101,Dewey County Wisconsin
MI,6345,26291,32636,Ellis County Michigan
WI,373,4364,4737,Garfield County Wisconsin
MI,20319,70802,91121,Garvin County Michigan
MI,842,6897,7739,Grady County Michigan
MI,45306,158234,203540,Grant County Michigan
MI,67,480,547,Greer County Michigan
MI,3237,21605,24842,Harmon County Michigan
MI,276,3056,3332,Harper County Michigan
MI,4946,27219,32165,Haskell County Michigan
MI,2430,24486,26916,Hughes County Michigan
MI,552,1641,2193,Jackson County Michigan
MI,392,2402,2794,Jefferson County Michigan
MI,41663,193347,235010,Johnston County Michigan
MI,1741,6917,8658,Kay County Michigan
MI,2508,16263,18771,Kingfisher County Michigan
WI,1326,9624,10950,Kiowa County Wisconsin
MI,1388,10116,11504,Latimer County Michigan
WI,206,3477,3683,Le Flore County Wisconsin
MI,1748,9455,11203,Lincoln County Michigan
MI,2418,16995,19413,Logan County Michigan
MI,930,6536,7466,Love County Michigan
WI,528,4937,5465,McClain County Wisconsin
MI,512,5214,5726,McCurtain County Michigan
WI,110,3615,3725,McIntosh County Wisconsin
MI,3532,18539,22071,Major County Michigan
MI,666,4694,5360,Marshall County Michigan
MI,7448,31806,39254,Mayes County Michigan
MI,3290,22292,25582,Murray County Michigan
MI,661,3489,4150,Muskogee County Michigan
MI,26744,63725,90469,Noble County Michigan
MI,3379,17855,21234,Nowata County Michigan
MI,47253,189722,236975,Okfuskee County Michigan
MI,2504,10142,12646,Oklahoma County Michigan
MI,2183,8560,10743,Okmulgee County Michigan
MI,386,1686,2072,Osage County Michigan
MI,1592,8445,10037,Ottawa County Michigan
MI,621,3379,4000,Pawnee County Michigan
MI,1252,8411,9663,Payne County Michigan
MI,5614,49543,55157,Pittsburg County Michigan
MI,530,3055,3585,Pontotoc County Michigan
MI,2127,9741,11868,Pottawatomie County Michigan
MI,24915,67209,92124,Pushmataha County Michigan
MI,9963,49679,59642,Roger Mills County Michigan
MI,3714,21061,24775,Rogers County Michigan
MI,2293,15156,17449,Seminole County Michigan
MI,546,2182,2728,Sequoyah County Michigan
MI,4252,20996,25248,Stephens County Michigan
MI,2927,16954,19881,Texas County Michigan
MI,5024,27196,32220,Tillman County Michigan
MI,12665,62086,74751,Tulsa County Michigan
MI,282602,718159,1000761,Wagoner County Michigan
MI,2455,13188,15643,Washington County Michigan
MN,0,0,0,Washita County Minnesota
MN,916,2590,3506,Woods County Minnesota
MN,488,1249,1737,Woodward County Minnesota
MN,14509,27752,42261,Baker County Minnesota
MN,7265,13047,20312,Benton County Minnesota
MN,2345,5435,7780,Clackamas County Minnesota
MN,1167,2736,3903,Clatsop County Minnesota
MN,9105,8157,17262,Columbia County Minnesota
MN,4479,3958,8437,Coos County Minnesota
MN,1662,3839,5501,Crook County Minnesota
MN,792,1765,2557,Curry County Minnesota
MN,203,410,613,Deschutes County Minnesota
MN,2764,5718,8482,Douglas County Minnesota
MN,1369,2761,4130,Gilliam County Minnesota
MN,864,2138,3002,Grant County Minnesota
MN,390,1002,1392,Harney County Minnesota
MN,1416,3822,5238,Hood River County Minnesota
MN,700,1839,2539,Jackson County Minnesota
MN,1214,3849,5063,Jefferson County Minnesota
MN,581,1804,2385,Josephine County Minnesota
MN,494,1215,1709,Klamath County Minnesota
MN,235,578,813,Lake County Minnesota
MN,1011,4008,5019,Lane County Minnesota
MN,529,1929,2458,Lincoln County Minnesota
MN,585,1648,2233,Linn County Minnesota
MN,182,356,538,Malheur County Minnesota
MN,102,165,267,Marion County Minnesota
MN,533,1115,1648,Morrow County Minnesota
MN,2863,7975,10838,Multnomah County Minnesota
MN,12067,24057,36124,Polk County Minnesota
MN,5987,11426,17413,Sherman County Minnesota
MN,602,1855,2457,Tillamook County Minnesota
MN,1242,3756,4998,Umatilla County Minnesota
MN,582,1817,2399,Union County Minnesota
MN,532,1927,2459,Wallowa County Minnesota
MN,272,869,1141,Wasco County Minnesota
MN,569,2256,2825,Washington County Minnesota
MN,283,1088,1371,Wheeler County Minnesota
MN,1661,3369,5030,Yamhill County Minnesota
MN,813,1615,2428,Adams County Minnesota
MN,1383,3496,4879,Allegheny County Minnesota
MN,215,722,937,Armstrong County Minnesota
MN,72574,114837,187411,Beaver County Minnesota
MN,50438,55360,105798,Bedford County Minnesota
MN,50311,62223,112534,Berks County Minnesota
MN,28175,2746,30921,Blair County Minnesota
MN,672,1484,2156,Bradford County Minnesota
MN,996,3044,4040,Bucks County Minnesota
MN,1144,4336,5480,Butler County Minnesota
MN,570,2131,2701,Cambria County Minnesota
MN,2902,6652,9554,Cameron County Minnesota
MN,1460,3122,4582,Carbon County Minnesota
MN,893,2590,3483,Centre County Minnesota
MN,460,1218,1678,Chester County Minnesota
MN,2360,6494,8854,Clarion County Minnesota
MN,90,262,352,Clearfield County Minnesota
MN,732,1874,2606,Clinton County Minnesota
MN,183,620,803,Columbia County Minnesota
MN,93,303,396,Crawford County Minnesota
MN,286,1063,1349,Cumberland County Minnesota
MN,159,495,654,Dauphin County Minnesota
MN,129,494,623,Delaware County Minnesota
MN,741,2019,2760,Elk County Minnesota
MN,358,980,1338,Erie County Minnesota
MN,75,355,430,Fayette County Minnesota
MS,327,6597,6924,Forest County Mississippi
MN,326,6466,6792,Franklin County Minnesota
MS,578,12708,13286,Fulton County Mississippi
MN,1187,2450,3637,Greene County Minnesota
MN,1147,3267,4414,Huntingdon County Minnesota
MN,535,1550,2085,Indiana County Minnesota
MN,1166,1623,2789,Jefferson County Minnesota
MN,803,2648,3451,Juniata County Minnesota
MN,744,2273,3017,Lackawanna County Minnesota
MN,1060,3261,4321,Lancaster County Minnesota
MN,515,1628,2143,Lawrence County Minnesota
MN,1164,3483,4647,Lebanon County Minnesota
MN,2297,5154,7451,Lehigh County Minnesota
MN,1147,2462,3609,Luzerne County Minnesota
MN,194,715,909,Lycoming County Minnesota
MN,1451,2849,4300,McKean County Minnesota
MN,706,1354,2060,Mercer County Minnesota
MN,1302,2280,3582,Mifflin County Minnesota
MN,436,919,1355,Monroe County Minnesota
MN,7061,14487,21548,Montgomery County Minnesota
MN,3475,6902,10377,Montour County Minnesota
MN,2130,5833,7963,Northampton County Minnesota
MN,1075,2810,3885,Northumberland County Minnesota
MN,635,1869,2504,Perry County Minnesota
MN,1738,4960,6698,Philadelphia County/city Minnesota
MN,906,2383,3289,Pike County Minnesota
MN,487,1021,1508,Potter County Minnesota
MN,2040,4376,6416,Schuylkill County Minnesota
MN,289,1091,1380,Snyder County Minnesota
MN,66691,66029,132720,Somerset County Minnesota
MN,33247,30330,63577,Sullivan County Minnesota
MN,168,670,838,Susquehanna County Minnesota
MN,591,1589,2180,Tioga County Minnesota
MN,292,792,1084,Union County Minnesota
MN,609,2077,2686,Venango County Minnesota
MN,290,924,1214,Warren County Minnesota
MN,2531,5349,7880,Washington County Minnesota
MN,1213,2636,3849,Wayne County Minnesota
MN,326,747,1073,Westmoreland County Minnesota
MN,349,1194,1543,Wyoming County Minnesota
MN,14762,25381,40143,York County Minnesota
MN,7357,12347,19704,Bristol County Minnesota
MN,2913,6840,9753,Kent County Minnesota
MN,1404,3214,4618,Newport County Minnesota
MN,1861,6360,8221,Providence County Minnesota
MN,935,2996,3931,Washington County Minnesota
MN,404,1347,1751,Abbeville County Minnesota
MN,203,640,843,Aiken County Minnesota
MN,6698,14791,21489,Allendale County Minnesota
MN,3272,6972,10244,Anderson County Minnesota
MN,1549,4660,6209,Bamberg County Minnesota
MN,739,2214,2953,Barnwell County Minnesota
MN,226,748,974,Beaufort County Minnesota
MN,382,1031,1413,Berkeley County Minnesota
MN,1048,3064,4112,Calhoun County Minnesota
MN,544,1540,2084,Charleston County Minnesota
MN,145,464,609,Cherokee County Minnesota
MN,461,1617,2078,Chester County Minnesota
MN,222,775,997,Chesterfield County Minnesota
MN,1082,2346,3428,Clarendon County Minnesota
MN,553,1130,1683,Colleton County Minnesota
MN,613,2539,3152,Darlington County Minnesota
MN,289,1234,1523,Dillon County Minnesota
MN,348,1091,1439,Dorchester County Minnesota
MN,275,829,1104,Edgefield County Minnesota
MN,1654,4490,6144,Fairfield County Minnesota
MN,2143,8386,10529,Florence County Minnesota
MN,1053,4008,5061,Georgetown County Minnesota
MN,336,754,1090,Greenville County Minnesota
MN,816,5,821,Greenwood County Minnesota
MN,394,2,396,Hampton County Minnesota
MS,428,13434,13862,Horry County Mississippi
MS,621,12301,12922,Jasper County Mississippi
MS,179,4813,4992,Kershaw County Mississippi
MS,438,7864,8302,Lancaster County Mississippi
MS,128,4467,4595,Laurens County Mississippi
MS,2219,21837,24056,Lee County Mississippi
MS,266,5466,5732,Lexington County Mississippi
MS,698,7318,8016,McCormick County Mississippi
MS,180,3829,4009,Marion County Mississippi
MS,260,6750,7010,Marlboro County Mississippi
MS,148,6924,7072,Newberry County Mississippi
MS,2164,18379,20543,Oconee County Mississippi
MS,535,13637,14172,Orangeburg County Mississippi
MS,248,7691,7939,Pickens County Mississippi
MS,1394,28863,30257,Richland County Mississippi
MS,985,26635,27620,Saluda County Mississippi
MS,145,8094,8239,Spartanburg County Mississippi
MS,393,8462,8855,Sumter County Mississippi
MS,9685,110202,119887,Union County Mississippi
MS,1679,14012,15691,Williamsburg County Mississippi
MS,1797,7224,9021,York County Mississippi
MS,75,661,736,Aurora County Mississippi
MS,223,6608,6831,Beadle County Mississippi
MS,243,5934,6177,Bennett County Mississippi
MS,1354,21823,23177,Bon Homme County Mississippi
MS,128,3987,4115,Brookings County Mississippi
MS,150,8393,8543,Brown County Mississippi
MS,244,13361,13605,Brule County Mississippi
MS,1630,31872,33502,Buffalo County Mississippi
MS,196,7861,8057,Butte County Mississippi
MS,834,29980,30814,Campbell County Mississippi
MS,872,21291,22163,Charles Mix County Mississippi
MS,1954,23562,25516,Clark County Mississippi
MS,696,13011,13707,Clay County Mississippi
MS,153,4083,4236,Codington County Mississippi
MS,391,12546,12937,Corson County Mississippi
MS,748,8248,8996,Custer County Mississippi
MS,742,13342,14084,Davison County Mississippi
MS,867,15572,16439,Day County Mississippi
MS,870,19940,20810,Deuel County Mississippi
MS,199,4580,4779,Dewey County Mississippi
MS,198,8522,8720,Douglas County Mississippi
MS,288,8462,8750,Edmunds County Mississippi
MS,363,6013,6376,Fall River County Mississippi
MS,1048,25153,26201,Faulk County Mississippi
MS,263,4031,4294,Grant County Mississippi
MS,577,10202,10779,Gregory County Mississippi
MS,119,5048,5167,Haakon County Mississippi
MS,171,5674,5845,Hamlin County Mississippi
MS,2243,18736,20979,Hand County Mississippi
MS,415,7313,7728,Hanson County Mississippi
MS,327,9834,10161,Harding County Mississippi
MS,194,8123,8317,Hughes County Mississippi
MS,183,5106,5289,Hutchinson County Mississippi
MS,97,7775,7872,Hyde County Mississippi
MS,436,5918,6354,Jackson County Mississippi
MS,161,4091,4252,Jerauld County Mississippi
MS,338,4879,5217,Jones County Mississippi
MS,506,8799,9305,Kingsbury County Mississippi
MS,227,6040,6267,Lake County Mississippi
MS,1164,16594,17758,Lawrence County Mississippi
MO,523621,1289636,1813257,Lincoln County Missouri
MT,118151,110834,228985,Lyman County Montana
NE,69001,259568,328569,McCook County Nebraska
NV,1025,4915,5940,McPherson County Nevada
NV,456,3921,4377,Marshall County Nevada
NV,749,5350,6099,Meade County Nevada
NV,8,40,48,Mellette County Nevada
NV,0,87,87,Miner County Nevada
NV,410,2134,2544,Minnehaha County Nevada
NV,124,637,761,Moody County Nevada
NV,838,7712,8550,Oglala Lakota County Nevada
NV,223,1119,1342,Pennington County Nevada
NV,1802,13616,15418,Perkins County Nevada
NV,68,732,800,Potter County Nevada
NV,14,120,134,Roberts County Nevada
NV,8676,68618,77294,Sanborn County Nevada
NV,183,1396,1579,Spink County Nevada
NV,1422,11703,13125,Stanley County Nevada
TX,606,5819,6425,Sully County Texas
NV,839,6426,7265,Todd County Nevada
TX,23,542,565,Tripp County Texas
NH,184909,25281,210190,Turner County New Hampshire
NJ,25334,30806,56140,Union County New Jersey
NJ,24179,33409,57588,Walworth County New Jersey
NJ,17048,23018,40066,Yankton County New Jersey
NJ,7099,8900,15999,Ziebach County New Jersey
NJ,114467,101464,215931,Anderson County New Jersey
NJ,14861,18634,33495,Bedford County New Jersey
NJ,72867,87997,160864,Benton County New Jersey
NJ,2123,2350,4473,Bledsoe County New Jersey
NJ,26436,38288,64724,Blount County New Jersey
NJ,18600,27003,45603,Bradley County New Jersey
NJ,20071,53244,73315,Campbell County New Jersey
NJ,53650,91738,145388,Cannon County New Jersey
NJ,6548,7331,13879,Carroll County New Jersey
NJ,6519,10258,16777,Carter County New Jersey
NJ,3344,4879,8223,Cheatham County New Jersey
NM,15053,194856,209909,Chester County New Mexico
NM,64,752,816,Claiborne County New Mexico
NM,2132,24305,26437,Clay County New Mexico
NM,746,11608,12354,Cocke County New Mexico
NM,226,3451,3677,Coffee County New Mexico
NM,1740,15433,17173,Crockett County New Mexico
NM,55,547,602,Cumberland County New Mexico
NM,7879,87596,95475,Davidson County New Mexico
NM,2043,16929,18972,Decatur County New Mexico
NM,153,1571,1724,DeKalb County New Mexico
TX,200,15836,16036,Dickson County Texas
NM,256,15308,15564,Dyer County New Mexico
TX,303,29573,29876,Fayette County Texas
NM,15,39,54,Fentress County New Mexico
NM,213,1859,2072,Franklin County New Mexico
TX,4004,249185,253189,Gibson County Texas
NM,3957,242528,246485,Giles County New Mexico
TX,7748,489854,497602,Grainger County Texas
NM,1865,18657,20522,Greene County New Mexico
NM,49,502,551,Grundy County New Mexico
NM,1144,13063,14207,Hamblen County New Mexico
NM,224,5874,6098,Hamilton County New Mexico
NM,82,1242,1324,Hancock County New Mexico
NM,1069,15375,16444,Hardeman County New Mexico
NM,339,3575,3914,Hardin County New Mexico
NM,1460,17389,18849,Hawkins County New Mexico
NM,206,6128,6334,Haywood County New Mexico
NM,2248,32231,34479,Henderson County New Mexico
NM,359,37417,37776,Henry County New Mexico
NM,1005,12146,13151,Hickman County New Mexico
NM,1963,30003,31966,Houston County New Mexico
NM,406,4675,5081,Humphreys County New Mexico
NM,598,5891,6489,Jackson County New Mexico
NM,552,9787,10339,Jefferson County New Mexico
NM,875,8460,9335,Johnson County New Mexico
NM,2218,28721,30939,Knox County New Mexico
NM,14,5382,5396,Lake County New Mexico
NY,1880249,3679731,5559980,Lauderdale County New York
NC,5386,35840,41226,Lawrence County North Carolina
NC,486,2669,3155,Lewis County North Carolina
NC,2019,10198,12217,Lincoln County North Carolina
NC,1299,6313,7612,Loudon County North Carolina
NC,595,3850,4445,McMinn County North Carolina
NC,3070,13271,16341,McNairy County North Carolina
NC,1979,8268,10247,Macon County North Carolina
NC,3354,11244,14598,Madison County North Carolina
NC,3906,22792,26698,Marion County North Carolina
NC,8456,55231,63687,Marshall County North Carolina
NC,5105,38330,43435,Maury County North Carolina
NC,2134,13212,15346,Meigs County North Carolina
NC,1337,7760,9097,Monroe County North Carolina
NC,5868,43120,48988,Montgomery County North Carolina
NC,882,5303,6185,Moore County North Carolina
NC,548,3349,3897,Morgan County North Carolina
NC,6746,35846,42592,Obion County North Carolina
NC,5358,19760,25118,Overton County North Carolina
NC,4839,21566,26405,Perry County North Carolina
NC,19902,92994,112896,Pickett County North Carolina
NC,503,3831,4334,Polk County North Carolina
NC,737,4590,5327,Putnam County North Carolina
NC,6176,45854,52030,Rhea County North Carolina
NC,1121,8266,9387,Roane County North Carolina
NC,3218,13230,16448,Robertson County North Carolina
NC,10074,57244,67318,Rutherford County North Carolina
NC,6341,24680,31021,Scott County North Carolina
NC,9997,66694,76691,Sequatchie County North Carolina
NC,538,2658,3196,Sevier County North Carolina
NC,384,2501,2885,Shelby County North Carolina
NC,2532,11166,13698,Smith County North Carolina
NC,23427,119155,142582,Stewart County North Carolina
NC,6192,24379,30571,Sullivan County North Carolina
NC,5283,30347,35630,Sumner County North Carolina
NC,3285,14762,18047,Tipton County North Carolina
TN,2120,12720,14840,Trousdale County Tennessee
NC,3004,11933,14937,Unicoi County North Carolina
TN,1839,9891,11730,Union County Tennessee
NC,2321,9136,11457,Van Buren County North Carolina
NC,2507,14274,16781,Warren County North Carolina
NC,391,1438,1829,Washington County North Carolina
NC,3935,26977,30912,Wayne County North Carolina
NC,7054,39242,46296,Weakley County North Carolina
NC,555,3422,3977,White County North Carolina
NC,2178,15484,17662,Williamson County North Carolina
NC,4355,21200,25555,Wilson County North Carolina
NC,2325,12185,14510,Anderson County North Carolina
NC,1268,9341,10609,Andrews County North Carolina
NC,1088,6083,7171,Angelina County North Carolina
NC,53940,200179,254119,Aransas County North Carolina
NC,1689,8167,9856,Archer County North Carolina
NC,2457,15874,18331,Armstrong County North Carolina
TN,827,9092,9919,Atascosa County Tennessee
NC,1852,8347,10199,Austin County North Carolina
TN,222,1565,1787,Bailey County Tennessee
NC,5448,25095,30543,Bandera County North Carolina
NC,8617,35295,43912,Bastrop County North Carolina
NC,2529,8618,11147,Baylor County North Carolina
NC,5227,24985,30212,Bee County North Carolina
NC,3435,15437,18872,Bell County North Carolina
NC,607,3096,3703,Bexar County North Carolina
NC,2229,10865,13094,Blanco County North Carolina
NC,2186,12640,14826,Borden County North Carolina
NC,695,4061,4756,Bosque County North Carolina
NC,2308,10863,13171,Bowie County North Carolina
NC,8576,44228,52804,Brazoria County North Carolina
NC,542,4211,4753,Brazos County North Carolina
TN,506,5785,6291,Brewster County Tennessee
NC,744,5445,6189,Briscoe County North Carolina
TN,708,7019,7727,Brooks County Tennessee
NC,4057,18415,22472,Brown County North Carolina
VA,1698,10680,12378,Burleson County Virginia
NC,2739,10040,12779,Burnet County North Carolina
VA,380,2305,2685,Caldwell County Virginia
NC,12693,62274,74967,Calhoun County North Carolina
NC,5590,23786,29376,Callahan County North Carolina
NC,3615,22029,25644,Cameron County North Carolina
TN,4188,45283,49471,Camp County Tennessee
NC,5570,42489,48059,Carson County North Carolina
TN,6143,65743,71886,Cass County Tennessee
NC,4921,19401,24322,Castro County North Carolina
NC,4073,16092,20165,Chambers County North Carolina
NC,2461,15197,17658,Cherokee County North Carolina
NC,1809,8904,10713,Childress County North Carolina
NC,3566,20994,24560,Clay County North Carolina
NC,705,4968,5673,Cochran County North Carolina
NC,1231,7838,9069,Coke County North Carolina
NC,227,1533,1760,Coleman County North Carolina
NC,4857,21324,26181,Collin County North Carolina
NC,22766,112212,134978,Collingsworth County North Carolina
NC,1626,7448,9074,Colorado County North Carolina
NC,867,5609,6476,Comal County North Carolina
NC,1152,8749,9901,Comanche County North Carolina
NC,913,5913,6826,Concho County North Carolina
ND,190,15,205,Cooke County North Dakota
ND,1657,187,1844,Coryell County North Dakota
ND,3737,371,4108,Cottle County North Dakota
ND,905,128,1033,Crane County North Dakota
ND,247,44,291,Crockett County North Dakota
ND,164,21,185,Crosby County North Dakota
ND,9726,1742,11468,Culberson County North Dakota
ND,19788,3136,22924,Dallam County North Dakota
ND,406,55,461,Dallas County North Dakota
ND,671,87,758,Dawson County North Dakota
ND,217,28,245,Deaf Smith County North Dakota
ND,287,34,321,Delta County North Dakota
ND,323,59,382,Denton County North Dakota
ND,297,65,362,DeWitt County North Dakota
ND,314,26,340,Dickens County North Dakota
ND,286,10,296,Dimmit County North Dakota
ND,10438,1269,11707,Donley County North Dakota
ND,374,64,438,Duval County North Dakota
ND,292,51,343,Eastland County North Dakota
ND,237,31,268,Ector County North Dakota
ND,276,47,323,Edwards County North Dakota
ND,401,54,455,Ellis County North Dakota
ND,179,10,189,El Paso County North Dakota
ND,727,90,817,Erath County North Dakota
ND,266,47,313,Falls County North Dakota
ND,1139,79,1218,Fannin County North Dakota
ND,907,131,1038,Fayette County North Dakota
ND,784,116,900,Fisher County North Dakota
ND,4407,698,5105,Floyd County North Dakota
ND,1223,128,1351,Foard County North Dakota
ND,371,46,417,Fort Bend County North Dakota
ND,131,25,156,Franklin County North Dakota
ND,814,120,934,Freestone County North Dakota
ND,605,137,742,Frio County North Dakota
ND,2431,378,2809,Gaines County North Dakota
ND,709,96,805,Galveston County North Dakota
ND,237,29,266,Garza County North Dakota
ND,2590,267,2857,Gillespie County North Dakota
ND,10013,1675,11688,Glasscock County North Dakota
ND,308,31,339,Goliad County North Dakota
ND,316,48,364,Gonzales County North Dakota
ND,3370,467,3837,Gray County North Dakota
ND,3275,533,3808,Grayson County North Dakota
ND,199,8,207,Gregg County North Dakota
ND,3311,677,3988,Grimes County North Dakota
ND,250,29,279,Guadalupe County North Dakota
ND,1188,105,1293,Hale County North Dakota
ND,1952,183,2135,Hall County North Dakota
ND,9034,1298,10332,Hamilton County North Dakota
ND,522,122,644,Hansford County North Dakota
ND,2229,365,2594,Hardeman County North Dakota
OH,4743,24096,28839,Hardin County Ohio
OH,1260,9709,10969,Harris County Ohio
OH,8462,29690,38152,Harrison County Ohio
OH,4985,14602,19587,Hartley County Ohio
OH,952,7188,8140,Haskell County Ohio
OH,4391,14800,19191,Hays County Ohio
OH,1828,11568,13396,Hemphill County Ohio
OH,1666,7961,9627,Henderson County Ohio
OH,5405,32191,37596,Hidalgo County Ohio
OH,6211,27326,33537,Hill County Ohio
OH,2041,10679,12720,Hockley County Ohio
OH,69295,361041,430336,Hood County Ohio
OH,34494,197215,231709,Hopkins County Ohio
OH,34801,208164,242965,Houston County Ohio
OH,0,44338,44338,Howard County Ohio
OH,1256,7825,9081,Hudspeth County Ohio
OH,1274,8817,10091,Hunt County Ohio
OH,2995,11829,14824,Hutchinson County Ohio
OH,3359,17074,20433,Irion County Ohio
OH,4976,28949,33925,Jack County Ohio
OH,911,6711,7622,Jackson County Ohio
OH,3689,9376,13065,Jasper County Ohio
OH,1179,5363,6542,Jeff Davis County Ohio
OH,2665,12792,15457,Jefferson County Ohio
OH,45228,190031,235259,Jim Hogg County Ohio
OH,2797,14085,16882,Jim Wells County Ohio
OH,2149,8633,10782,Johnson County Ohio
OH,426,3402,3828,Jones County Ohio
OH,2162,14139,16301,Karnes County Ohio
OH,2741,11908,14649,Kaufman County Ohio
OH,7396,30976,38372,Kendall County Ohio
OH,7295,19227,26522,Kenedy County Ohio
OH,6897,32840,39737,Kent County Ohio
OH,1800,11788,13588,Kerr County Ohio
OH,16240,61288,77528,Kimble County Ohio
OH,21658,64411,86069,King County Ohio
OH,3551,18770,22321,Kinney County Ohio
OH,3110,15841,18951,Kleberg County Ohio
OH,2566,7993,10559,Knox County Ohio
OH,942,4955,5897,Lamar County Ohio
OH,2775,14225,17000,Lamb County Ohio
OH,1052,3879,4931,Lampasas County Ohio
OH,1585,8056,9641,La Salle County Ohio
OH,6717,30359,37076,Lavaca County Ohio
OH,559,2422,2981,Lee County Ohio
OH,1337,6096,7433,Leon County Ohio
OH,814,4326,5140,Liberty County Ohio
OH,2775,11478,14253,Limestone County Ohio
OH,3147,12470,15617,Lipscomb County Ohio
OH,2847,11534,14381,Live Oak County Ohio
OH,5014,25922,30936,Llano County Ohio
OH,1613,7640,9253,Loving County Ohio
OH,598,4213,4811,Lubbock County Ohio
OH,6734,31083,37817,Lynn County Ohio
OH,5737,24533,30270,McCulloch County Ohio
OH,1936,11424,13360,McLennan County Ohio
OH,9520,28174,37694,McMullen County Ohio
OH,1884,14096,15980,Madison County Ohio
OH,21631,83222,104853,Marion County Ohio
OH,36784,117363,154147,Martin County Ohio
OH,11801,48009,59810,Mason County Ohio
OH,4365,20990,25355,Matagorda County Ohio
OH,812,5196,6008,Maverick County Ohio
OH,1405,5997,7402,Medina County Ohio
OH,2929,15654,18583,Menard County Ohio
OH,1441,8514,9955,Midland County Ohio
OH,2618,13017,15635,Milam County Ohio
OH,536,3259,3795,Mills County Ohio
OK,240,12941,13181,Mitchell County Oklahoma
OK,2,1040,1042,Montague County Oklahoma
OK,92,5513,5605,Montgomery County Oklahoma
OK,7,746,753,Moore County Oklahoma
OK,227,7030,7257,Morris County Oklahoma
OK,117,3978,4095,Motley County Oklahoma
OK,194,12590,12784,Nacogdoches County Oklahoma
OK,336,11280,11616,Navarro County Oklahoma
OK,580,19119,19699,Newton County Oklahoma
OK,242,16720,16962,Nolan County Oklahoma
OK,263,15035,15298,Nueces County Oklahoma
TX,289,16617,16906,Ochiltree County Texas
OK,250,17010,17260,Oldham County Oklahoma
TX,276,18592,18868,Orange County Texas
OK,257,8155,8412,Palo Pinto County Oklahoma
OK,26,612,638,Panola County Oklahoma
OK,21,2046,2067,Parker County Oklahoma
OK,459,35241,35700,Parmer County Oklahoma
TX,274,19270,19544,Pecos County Texas
OK,260,20233,20493,Polk County Oklahoma
TX,75,4262,4337,Potter County Texas
OK,26,1689,1715,Presidio County Oklahoma
OK,85,5790,5875,Rains County Oklahoma
OK,190,23332,23522,Randall County Oklahoma
OK,61,7435,7496,Reagan County Oklahoma
OK,336,14973,15309,Real County Oklahoma
OK,0,667,667,Red River County Oklahoma
OK,3,789,792,Reeves County Oklahoma
TX,228,17472,17700,Refugio County Texas
OK,266,15902,16168,Roberts County Oklahoma
TX,491,32585,33076,Robertson County Texas
OK,146,20495,20641,Rockwall County Oklahoma
OK,63,9106,9169,Runnels County Oklahoma
OK,251,15795,16046,Rusk County Oklahoma
OK,44,2284,2328,Sabine County Oklahoma
OK,15,1247,1262,San Augustine County Oklahoma
OK,0,616,616,San Jacinto County Oklahoma
OK,242,5734,5976,San Patricio County Oklahoma
TX,161,3703,3864,San Saba County Texas
OK,125,4115,4240,Schleicher County Oklahoma
TX,44,2084,2128,Scurry County Texas
OK,54,4839,4893,Shackelford County Oklahoma
OK,48,4792,4840,Shelby County Oklahoma
OK,236,19158,19394,Sherman County Oklahoma
OK,61,2911,2972,Smith County Oklahoma
OK,103,3653,3756,Somervell County Oklahoma
OK,39,3955,3994,Starr County Oklahoma
OK,468,21344,21812,Stephens County Oklahoma
OK,77,3290,3367,Sterling County Oklahoma
OK,60,7315,7375,Stonewall County Oklahoma
OK,333,18375,18708,Sutton County Oklahoma
OK,113,8527,8640,Swisher County Oklahoma
OK,16,1170,1186,Tarrant County Oklahoma
OK,92,4727,4819,Taylor County Oklahoma
OK,111,14429,14540,Terrell County Oklahoma
OK,38,3868,3906,Terry County Oklahoma
OK,593,30351,30944,Throckmorton County Oklahoma
OK,29,3009,3038,Titus County Oklahoma
OK,42,3532,3574,Tom Green County Oklahoma
OK,108,4454,4562,Travis County Oklahoma
OK,6971,237658,244629,Trinity County Oklahoma
OK,158,19408,19566,Tyler County Oklahoma
OK,65,10699,10764,Upshur County Oklahoma
OK,51,13004,13055,Upton County Oklahoma
OK,39,5472,5511,Uvalde County Oklahoma
OK,189,16794,16983,Val Verde County Oklahoma
OK,172,12726,12898,Van Zandt County Oklahoma
OK,219,13354,13573,Victoria County Oklahoma
OK,353,30178,30531,Walker County Oklahoma
OK,146,4459,4605,Waller County Oklahoma
OK,2,490,492,Ward County Oklahoma
OK,235,20825,21060,Washington County Oklahoma
OK,255,13402,13657,Webb County Oklahoma
OK,249,20144,20393,Wharton County Oklahoma
OK,173,12839,13012,Wheeler County Oklahoma
TX,118,8194,8312,Wichita County Texas
OK,103,8743,8846,Wilbarger County Oklahoma
TX,48,4098,4146,Willacy County Texas
OK,67,4229,4296,Williamson County Oklahoma
OK,33,3342,3375,Wilson County Oklahoma
OK,3903,161491,165394,Winkler County Oklahoma
OK,251,13182,13433,Wise County Oklahoma
OK,24,3131,3155,Wood County Oklahoma
OK,62,1633,1695,Yoakum County Oklahoma
OK,122,5242,5364,Young County Oklahoma
OR,1273526,104616,1378142,Zapata County Oregon
OR,646397,55410,701807,Zavala County Oregon
OR,624160,54132,678292,Beaver County Oregon
OR,671470,51934,723404,Box Elder County Oregon
OR,44341,2728,47069,Cache County Oregon
OR,22104,1450,23554,Carbon County Oregon
OR,650426,50689,701115,Daggett County Oregon
OR,23297,1483,24780,Davis County Oregon
OR,1060,205,1265,Duchesne County Oregon
PA,79852,210884,290736,Emery County Pennsylvania
PA,3314,16964,20278,Garfield County Pennsylvania
PA,8746,38792,47538,Grand County Pennsylvania
PA,1399,10553,11952,Iron County Pennsylvania
PA,17725,93050,110775,Juab County Pennsylvania
PA,6944,32273,39217,Kane County Pennsylvania
PA,2816,12828,15644,Millard County Pennsylvania
PA,10671,50987,61658,Morgan County Pennsylvania
PA,5012,23600,28612,Piute County Pennsylvania
PA,8317,31334,39651,Rich County Pennsylvania
PA,271,1586,1857,Salt Lake County Pennsylvania
PA,1476,13317,14793,San Juan County Pennsylvania
PA,1879,14143,16022,Sanpete County Pennsylvania
PA,5473,30548,36021,Sevier County Pennsylvania
PA,1897,9112,11009,Summit County Pennsylvania
PA,3932,23678,27610,Tooele County Pennsylvania
PA,1364,8907,10271,Uintah County Pennsylvania
PA,2143,12217,14360,Utah County Pennsylvania
PA,5184,23454,28638,Wasatch County Pennsylvania
PA,2933,23340,26273,Washington County Pennsylvania
PA,12585,55963,68548,Wayne County Pennsylvania
PA,21407,93814,115221,Weber County Pennsylvania
PA,1236,5995,7231,Addison County Pennsylvania
PA,22358,80654,103012,Bennington County Pennsylvania
PA,14308,46552,60860,Caledonia County Pennsylvania
PA,180,1097,1277,Chittenden County Pennsylvania
PA,2943,23018,25961,Essex County Pennsylvania
PA,442,3018,3460,Franklin County Pennsylvania
PA,3327,10382,13709,Grand Isle County Pennsylvania
PA,1339,9865,11204,Lamoille County Pennsylvania
PA,3410,15658,19068,Orange County Pennsylvania
PA,1793,11626,13419,Orleans County Pennsylvania
PA,643,3801,4444,Rutland County Pennsylvania
PA,11247,45724,56971,Washington County Pennsylvania
PA,15573,78971,94544,Windham County Pennsylvania
PA,6540,23358,29898,Windsor County Pennsylvania
PA,3612,25301,28913,Accomack County Pennsylvania
PA,13789,68896,82685,Albemarle County Pennsylvania
PA,14319,80779,95098,Alleghany County Pennsylvania
PA,5052,24950,30002,Amelia County Pennsylvania
PA,3351,10577,13928,Amherst County Pennsylvania
PA,8069,28921,36990,Appomattox County Pennsylvania
PA,2532,11987,14519,Arlington County Pennsylvania
PA,3717,37326,41043,Augusta County Pennsylvania
PA,12544,61009,73553,Bath County Pennsylvania
PA,814,2638,3452,Bedford County Pennsylvania
PA,8934,46112,55046,Bland County Pennsylvania
PA,2749,18518,21267,Botetourt County Pennsylvania
PA,926,7132,8058,Brunswick County Pennsylvania
PA,301663,519319,820982,Buchanan County Pennsylvania
PA,881,9473,10354,Buckingham County Pennsylvania
PA,766,4261,5027,Campbell County Pennsylvania
PA,5442,33617,39059,Caroline County Pennsylvania
PA,702,6078,6780,Carroll County Pennsylvania
PA,2883,15156,18039,Charles City County Pennsylvania
PA,181,879,1060,Charlotte County Pennsylvania
PA,1449,7792,9241,Chesterfield County Pennsylvania
PA,1416,7503,8919,Clarke County Pennsylvania
PA,807,5341,6148,Craig County Pennsylvania
PA,3254,14672,17926,Culpeper County Pennsylvania
PA,1358,9113,10471,Cumberland County Pennsylvania
PA,7930,37195,45125,Dickenson County Pennsylvania
PA,1363,10331,11694,Dinwiddie County Pennsylvania
PA,13073,65425,78498,Essex County Pennsylvania
PA,1116,6023,7139,Fairfax County Pennsylvania
PA,12452,72069,84521,Fauquier County Pennsylvania
RI,65483,214069,279552,Floyd County Rhode Island
SC,930,7698,8628,Fluvanna County South Carolina
SC,3818,51446,55264,Franklin County South Carolina
SC,597,6615,7212,Frederick County South Carolina
SC,977,7544,8521,Giles County South Carolina
SC,1350,11284,12634,Gloucester County South Carolina
SC,2338,31276,33614,Goochland County South Carolina
SC,3098,48281,51379,Grayson County South Carolina
SC,8418,84087,92505,Greene County South Carolina
SC,1892,26699,28591,Greensville County South Carolina
SC,1809,17821,19630,Halifax County South Carolina
SC,1984,22200,24184,Hanover County South Carolina
SC,2700,17481,20181,Henrico County South Carolina
SC,1751,19075,20826,Henry County South Carolina
SC,3690,32549,36239,Highland County South Carolina
SC,1927,16785,18712,Isle of Wight County South Carolina
SC,3554,34305,37859,James City County South Carolina
SC,924,9110,10034,King and Queen County South Carolina
SC,1098,11364,12462,King George County South Carolina
SC,6232,58149,64381,King William County South Carolina
WI,3222,28970,32192,Lancaster County Wisconsin
SC,3129,30265,33394,Lee County South Carolina
WI,119,1086,1205,Loudoun County Wisconsin
SC,1983,23261,25244,Louisa County South Carolina
SC,7808,116083,123891,Lunenburg County South Carolina
SC,2031,26097,28128,Madison County South Carolina
SC,858,10446,11304,Mathews County South Carolina
SC,6519,91535,98054,Mecklenburg County South Carolina
SC,847,11650,12497,Middlesex County South Carolina
SC,1572,20834,22406,Montgomery County South Carolina
SC,2615,31327,33942,Nelson County South Carolina
SC,2317,25093,27410,New Kent County South Carolina
SC,1315,11163,12478,Northampton County South Carolina
VA,2180,9979,12159,Northumberland County Virginia
SC,2136,10052,12188,Nottoway County South Carolina
VA,3001,8868,11869,Orange County Virginia
SC,5024,64666,69690,Page County South Carolina
SC,435,3209,3644,Patrick County South Carolina
SC,2005,18171,20176,Pittsylvania County South Carolina
SC,1604,12969,14573,Powhatan County South Carolina
SC,1438,13797,15235,Prince Edward County South Carolina
SC,1265,20604,21869,Prince George County South Carolina
SC,5380,48732,54112,Prince William County South Carolina
SC,2015,28926,30941,Pulaski County South Carolina
SC,555,6595,7150,Rappahannock County South Carolina
SC,6876,69454,76330,Richmond County South Carolina
SC,4796,45803,50599,Roanoke County South Carolina
SC,1043,10503,11546,Rockbridge County South Carolina
SC,2663,19211,21874,Rockingham County South Carolina
SC,3672,57668,61340,Russell County South Carolina
SD,11,343,354,Scott County South Dakota
SD,12,4174,4186,Shenandoah County South Dakota
SD,87,2664,2751,Smyth County South Dakota
SD,2,973,975,Southampton County South Dakota
SD,59,3113,3172,Spotsylvania County South Dakota
SD,77,5832,5909,Stafford County South Dakota
SD,49,2451,2500,Surry County South Dakota
SD,31,2772,2803,Sussex County South Dakota
SD,0,73,73,Tazewell County South Dakota
SD,159,3915,4074,Warren County South Dakota
SD,2,385,387,Washington County South Dakota
SD,84,2615,2699,Westmoreland County South Dakota
SD,76,4559,4635,Wise County South Dakota
SD,55,2851,2906,Wythe County South Dakota
SD,17,973,990,York County South Dakota
SD,120,4110,4230,Alexandria city South Dakota
SD,0,1179,1179,Bristol city South Dakota
SD,0,428,428,Buena Vista city South Dakota
SD,117,4273,4390,Charlottesville city South Dakota
SD,2,316,318,Chesapeake city South Dakota
SD,6,365,371,Colonial Heights city South Dakota
SD,31,1438,1469,Covington city South Dakota
SD,0,164,164,Danville city South Dakota
SD,15,968,983,Emporia city South Dakota
SD,22,1014,1036,Fairfax city South Dakota
SD,2,151,153,Falls Church city South Dakota
SD,0,795,795,Franklin city South Dakota
SD,0,241,241,Fredericksburg city South Dakota
SD,3,153,156,Galax city South Dakota
SD,0,100,100,Hampton city South Dakota
SD,96,3142,3238,Harrisonburg city South Dakota
SD,4,895,899,Hopewell city South Dakota
SD,0,150,150,Lexington city South Dakota
SD,94,2026,2120,Lynchburg city South Dakota
SD,0,283,283,Manassas city South Dakota
SD,0,88,88,Manassas Park city South Dakota
SD,0,497,497,Martinsville city South Dakota
SD,27,1684,1711,Newport News city South Dakota
SD,82,3940,4022,Norfolk city South Dakota
SD,2,2020,2022,Norton city South Dakota
SD,41,1305,1346,Petersburg city South Dakota
SD,8,814,822,Poquoson city South Dakota
SD,0,269,269,Portsmouth city South Dakota
SD,0,592,592,Radford city South Dakota
SD,48,3473,3521,Richmond city South Dakota
SD,26,1453,1479,Roanoke city South Dakota
SD,2,341,343,Salem city South Dakota
SD,792,39752,40544,Staunton city South Dakota
SD,15,1057,1072,Suffolk city South Dakota
SD,320,29067,29387,Virginia Beach city South Dakota
SD,2,349,351,Waynesboro city South Dakota
SD,0,162,162,Williamsburg city South Dakota
SD,9,3575,3584,Winchester city South Dakota
SD,0,300,300,Adams County South Dakota
SD,570,14606,15176,Asotin County South Dakota
SD,2,670,672,Benton County South Dakota
SD,10,385,395,Chelan County South Dakota
SD,0,67,67,Clallam County South Dakota
SD,301,9871,10172,Clark County South Dakota
SD,35,1655,1690,Columbia County South Dakota
SD,7,1343,1350,Cowlitz County South Dakota
SD,24,1596,1620,Douglas County South Dakota
SD,17,1376,1393,Ferry County South Dakota
SD,61,4663,4724,Franklin County South Dakota
SD,76,2118,2194,Garfield County South Dakota
TN,2220,18924,21144,Grant County Tennessee
TN,766,6771,7537,Grays Harbor County Tennessee
TN,634,6184,6818,Island County Tennessee
TN,3778,33372,37150,Jefferson County Tennessee
TN,3670,34787,38457,King County Tennessee
TN,554,5768,6322,Kitsap County Tennessee
TN,961,11276,12237,Kittitas County Tennessee
TN,1042,6168,7210,Klickitat County Tennessee
TN,2343,14331,16674,Lewis County Tennessee
TN,2500,19960,22460,Lincoln County Tennessee
TN,692,5746,6438,Mason County Tennessee
TN,35150,196555,231705,Okanogan County Tennessee
TN,1825,16854,18679,Pacific County Tennessee
TN,2460,17256,19716,Pend Oreille County Tennessee
TN,1519,10028,11547,Pierce County Tennessee
TN,3571,18785,22356,San Juan County Tennessee
TN,1439,10235,11674,Skagit County Tennessee
TN,1060,9214,10274,Skamania County Tennessee
TN,2490,22733,25223,Snohomish County Tennessee
TN,19001,91836,110837,Spokane County Tennessee
TN,1810,12147,13957,Stevens County Tennessee
TN,2976,22150,25126,Thurston County Tennessee
TN,462,3003,3465,Wahkiakum County Tennessee
TN,671,6347,7018,Walla Walla County Tennessee
TN,2328,13537,15865,Whatcom County Tennessee
TN,1051,12794,13845,Whitman County Tennessee
TN,2274,19263,21537,Yakima County Tennessee
TN,1658,13358,15016,Barbour County Tennessee
TN,3433,28614,32047,Berkeley County Tennessee
TN,565,6108,6673,Boone County Tennessee
TN,1368,11680,13048,Braxton County Tennessee
TN,1163,8523,9686,Brooke County Tennessee
TN,254,1781,2035,Cabell County Tennessee
TN,1915,14785,16700,Calhoun County Tennessee
TN,2443,14640,17083,Clay County Tennessee
TN,845,6830,7675,Doddridge County Tennessee
TN,2598,29334,31932,Fayette County Tennessee
TN,111901,372793,484694,Gilmer County Tennessee
TN,506,3949,4455,Grant County Tennessee
TN,8045,45425,53470,Greenbrier County Tennessee
TN,3469,22662,26131,Hampshire County Tennessee
TN,302,3064,3366,Hancock County Tennessee
TN,943,6645,7588,Hardy County Tennessee
TN,205,2453,2658,Harrison County Tennessee
TN,1465,12239,13704,Jackson County Tennessee
TN,2528,26241,28769,Jefferson County Tennessee
TX,252,14394,14646,Kanawha County Texas
TX,35,3672,3707,Lewis County Texas
TX,398,32858,33256,Lincoln County Texas
TX,124,7520,7644,Logan County Texas
TX,6,346,352,McDowell County Texas
TX,0,127,127,Marion County Texas
TX,300,18042,18342,Marshall County Texas
TX,80,6057,6137,Mason County Texas
TX,23,2772,2795,Mercer County Texas
TX,66,3650,3716,Mineral County Texas
TX,457,21231,21688,Mingo County Texas
TX,6,1200,1206,Monongalia County Texas
TX,262,10851,11113,Monroe County Texas
TX,2963,78728,81691,Morgan County Texas
TX,8621,547847,556468,Nicholas County Texas
TX,4,1605,1609,Ohio County Texas
TX,0,10,10,Pendleton County Texas
TX,61,5156,5217,Pleasants County Texas
TX,707,32544,33251,Pocahontas County Texas
TX,776,57198,57974,Preston County Texas
TX,667,39082,39749,Putnam County Texas
TX,26,1873,1899,Raleigh County Texas
TX,0,277,277,Randolph County Texas
TX,109,5728,5837,Ritchie County Texas
TX,198,11949,12147,Roane County Texas
TX,79,4983,5062,Summers County Texas
TX,132,9414,9546,Taylor County Texas
TX,390,12732,13122,Tucker County Texas
TX,44,3371,3415,Tyler County Texas
TX,3892,239316,243208,Upshur County Texas
TX,89,5533,5622,Wayne County Texas
TX,130,11860,11990,Webster County Texas
TX,21,3075,3096,Wetzel County Texas
TX,30,5400,5430,Wirt County Texas
TX,37,2101,2138,Wood County Texas
TX,17,1321,1338,Wyoming County Texas
TX,0,221,221,Adams County Texas
TX,39,3332,3371,Ashland County Texas
TX,777,60320,61097,Barron County Texas
TX,17,896,913,Bayfield County Texas
TX,48,5536,5584,Brown County Texas
TX,114,17719,17833,Buffalo County Texas
TX,6,559,565,Burnett County Texas
TX,83,8601,8684,Calumet County Texas
TX,307,14219,14526,Chippewa County Texas
TX,14,530,544,Clark County Texas
TX,0,394,394,Columbia County Texas
TX,27,918,945,Crawford County Texas
TX,27,3357,3384,Dane County Texas
TX,8,1032,1040,Dodge County Texas
TX,16,1876,1892,Door County Texas
TX,57,5159,5216,Douglas County Texas
TX,121,7454,7575,Dunn County Texas
TX,41,1718,1759,Eau Claire County Texas
TX,553,56623,57176,Florence County Texas
TX,100,6801,6901,Fond du Lac County Texas
TX,10,686,696,Forest County Texas
TX,109,6751,6860,Grant County Texas
TX,0,799,799,Green County Texas
TX,73,6790,6863,Green Lake County Texas
TX,80,6092,6172,Iowa County Texas
TX,646,50299,50945,Iron County Texas
TX,3,603,606,Jackson County Texas
TX,7180,362197,369377,Jefferson County Texas
TX,126,8162,8288,Juneau County Texas
TX,202,6463,6665,Kenosha County Texas
TX,50,7928,7978,Kewaunee County Texas
TX,106,4706,4812,La Crosse County Texas
TX,10,449,459,Lafayette County Texas
TX,19,2101,2120,Langlade County Texas
TX,16,287,303,Lincoln County Texas
TX,740,63902,64642,Manitowoc County Texas
TX,178,4711,4889,Marathon County Texas
TX,126,8539,8665,Marinette County Texas
TX,38,3666,3704,Marquette County Texas
TX,1319,70464,71783,Menominee County Texas
TX,48,1668,1716,Milwaukee County Texas
TX,25,3662,3687,Monroe County Texas
TX,0,24,24,Oconto County Texas
TX,36,1539,1575,Oneida County Texas
TX,59,7838,7897,Outagamie County Texas
TX,49,5869,5918,Ozaukee County Texas
TX,304,31775,32079,Pepin County Texas
TX,544,38944,39488,Pierce County Texas
TX,128,8207,8335,Polk County Texas
TX,220,14805,15025,Portage County Texas
TX,8,1521,1529,Price County Texas
TX,35,2176,2211,Racine County Texas
TX,11,1118,1129,Richland County Texas
TX,34,1390,1424,Rock County Texas
TX,197,14257,14454,Rusk County Texas
TX,13037,1043675,1056712,St. Croix County Texas
TX,349,22400,22749,Sauk County Texas
TX,7,354,361,Sawyer County Texas
TX,581,30188,30769,Shawano County Texas
TX,8,389,397,Sheboygan County Texas
TX,332,24483,24815,Taylor County Texas
TX,151,10869,11020,Trempealeau County Texas
TX,108,9232,9340,Vernon County Texas
TX,170,10990,11160,Vilas County Texas
TX,144,8828,8972,Walworth County Texas
TX,257,8383,8640,Washburn County Texas
TX,15,1298,1313,Washington County Texas
TX,264,23250,23514,Waukesha County Texas
TX,81,5026,5107,Waupaca County Texas
TX,6,164,170,Waushara County Texas
TX,7,963,970,Winnebago County Texas
TX,142,14238,14380,Wood County Texas
TX,10,228,238,Albany County Texas
TX,28,3364,3392,Big Horn County Texas
TX,380,19531,19911,Campbell County Texas
TX,23,1187,1210,Carbon County Texas
TX,54,5653,5707,Converse County Texas
TX,484,26691,27175,Crook County Texas
TX,25,3688,3713,Fremont County Texas
TX,3,112,115,Goshen County Texas
TX,0,71,71,Hot Springs County Texas
TX,87,11455,11542,Johnson County Texas
TX,8,963,971,Laramie County Texas
TX,0,8,8,Lincoln County Texas
TX,35,1121,1156,Natrona County Texas
TX,328,13476,13804,Niobrara County Texas
TX,19,1338,1357,Park County Texas
TX,501,18520,19021,Platte County Texas
TX,75,5527,5602,Sheridan County Texas
TX,103,5436,5539,Sublette County Texas
TX,109,3201,3310,Sweetwater County Texas
TX,36,3936,3972,Teton County Texas
TX,51,4160,4211,Uinta County Texas
TX,402,26143,26545,Washakie County Texas
TX,161,7367,7528,Weston County Texas
