States,Jan & July Public Assist. Participation,Jan & July Non-Public Assist. Participation,Jan & July TOTAL Assist. Participation,Counties
AL,1706,12399,14105,Autauga County
AL,3236,34173,37409,Baldwin County
AL,2137,9847,11984,Barbour County
AL,1195,6453,7648,Bibb County
AL,2046,14415,16461,Blount County
AL,1189,4440,5629,Bullock County
AL,1766,8405,10171,Butler County
AL,7206,40127,47333,Calhoun County
AL,2509,13405,15914,Chambers County
AL,1422,8589,10011,Cherokee County
AL,2271,16218,18489,Chilton County
AL,1005,5339,6344,Choctaw County
AL,2381,9473,11854,Clarke County
AL,567,3610,4177,Clay County
AL,626,4179,4805,Cleburne County
AL,1426,10160,11586,Coffee County
AL,2359,15129,17488,Colbert County
AL,1284,7013,8297,Conecuh County
AL,582,3359,3941,Coosa County
AL,1832,13409,15241,Covington County
AL,945,4741,5686,Crenshaw County
AL,2769,19118,21887,Cullman County
AL,3104,16622,19726,Dale County
AL,6924,25741,32665,Dallas County
AL,2455,22504,24959,DeKalb County
AL,2848,18377,21225,Elmore County
AL,2245,15798,18043,Escambia County
AL,4446,28869,33315,Etowah County
AL,1427,5977,7404,Fayette County
AL,1656,10694,12350,Franklin County
AL,1296,9069,10365,Geneva County
AL,1136,5037,6173,Greene County
AL,1628,6138,7766,Hale County
AL,968,5793,6761,Henry County
AL,5946,28719,34665,Houston County
AL,2154,15585,17739,Jackson County
AL,37750,171288,209038,Jefferson County
AL,1009,4639,5648,Lamar County
AL,3240,21784,25024,Lauderdale County
AL,1700,10004,11704,Lawrence County
AL,3620,27448,31068,Lee County
AL,2649,17871,20520,Limestone County
AL,1737,6833,8570,Lowndes County
AL,2313,12111,14424,Macon County
AL,8431,51364,59795,Madison County
AL,2153,8363,10516,Marengo County
AL,1712,10774,12486,Marion County
AL,3134,24854,27988,Marshall County
AL,24388,153808,178196,Mobile County
AL,1497,9215,10712,Monroe County
AL,16819,79080,95899,Montgomery County
AL,3370,26663,30033,Morgan County
AL,1850,7138,8988,Perry County
AL,1721,6505,8226,Pickens County
AL,2596,11700,14296,Pike County
AL,1645,9790,11435,Randolph County
AL,3801,23160,26961,Russell County
AL,2940,20002,22942,St. Clair County
AL,2919,20722,23641,Shelby County
AL,2013,6965,8978,Sumter County
AL,5698,27741,33439,Talladega County
AL,2777,13514,16291,Tallapoosa County
AL,9723,41799,51522,Tuscaloosa County
AL,2832,18832,21664,Walker County
AL,1035,5726,6761,Washington County
AL,2433,7713,10146,Wilcox County
AL,1297,6624,7921,Winston County
AK,25528,131293,156821,Aleutians East Borough
AZ,603,54095,54698,Aleutians West Census Area
AZ,3601,39575,43176,Anchorage Borough/municipality
AZ,2167,19165,21332,Bethel Census Area
AZ,1434,20410,21844,Bristol Bay Borough
AZ,0,0,0,Denali Borough
AZ,1000,45940,46940,Dillingham Census Area
AZ,3949,20826,24775,Fairbanks North Star Borough
AZ,1530,13830,15360,Haines Borough
KS,899,6883,7782,Juneau Borough/city
AZ,738,7124,7862,Kenai Peninsula Borough
KS,107,177,284,Ketchikan Gateway Borough
AZ,140,2211,2351,Kodiak Island Borough
AZ,117872,1002996,1120868,Kusilvak Census Area
AZ,5720,77341,83061,Lake and Peninsula Borough
AZ,8537,58039,66576,Matanuska-Susitna Borough
NM,4392,49727,54119,Nome Census Area
AZ,4271,48178,52449,North Slope Borough
NM,126,39866,39992,Northwest Arctic Borough
AZ,28889,297162,326051,Sitka Borough/city
AZ,8969,91587,100556,Southeast Fairbanks Census Area
AZ,1137,21190,22327,Valdez-Cordova Census Area
AZ,2777,54127,56904,Yakutat Borough/city
AZ,4943,74317,79260,Yukon-Koyukuk Census Area
AZ,856,6991,7847,Apache County
AR,383,7106,7489,Cochise County
AR,461,9430,9891,Coconino County
AR,378,10401,10779,Gila County
AR,489,39758,40247,Graham County
AR,674,10597,11271,Greenlee County
AR,372,4809,5181,La Paz County
AR,64,1226,1290,Maricopa County
TX,55,3833,3888,Mohave County
AR,54,3860,3914,Navajo County
TX,45,6467,6512,Pima County
AR,125,6518,6643,Pinal County
AR,552,6668,7220,Santa Cruz County
AR,250,6248,6498,Yavapai County
NV,25004,202549,227553,Yuma County
AR,24609,177250,201859,Arkansas County
NV,49363,373551,422914,Ashley County
AR,347,4495,4842,Baxter County
TX,198,2855,3053,Benton County
AR,165,2636,2801,Boone County
TX,16,996,1012,Bradley County
AR,202,6124,6326,Calhoun County
AR,182,2620,2802,Carroll County
OK,617,28194,28811,Chicot County
AR,657,26038,26695,Clark County
OK,1092,51612,52704,Clay County
AR,741,10705,11446,Cleburne County
AR,275,7814,8089,Cleveland County
AR,2446,26563,29009,Columbia County
AR,556,18849,19405,Conway County
AR,2481,26723,29204,Craighead County
AR,428,5834,6262,Crawford County
AR,265,2964,3229,Crittenden County
TX,6493,371547,378040,Cross County
AR,5484,323844,329328,Dallas County
TX,11712,692427,704139,Desha County
AR,452,6717,7169,Drew County
AR,363,7218,7581,Faulkner County
AR,990,22602,23592,Franklin County
AR,165,6260,6425,Fulton County
TX,93,4286,4379,Garland County
AR,98,4227,4325,Grant County
TX,26,2253,2279,Greene County
AR,217,3775,3992,Hempstead County
AR,1196,29397,30593,Hot Spring County
AR,109,4060,4169,Howard County
NM,646,7509,8155,Independence County
OK,49,2284,2333,Izard County
AR,541,7354,7895,Jackson County
NM,1078,10803,11881,Jefferson County
OK,481,5578,6059,Johnson County
AR,60,2366,2426,Lafayette County
NM,597,5815,6412,Lawrence County
OK,0,590,590,Lee County
AR,654,13602,14256,Lincoln County
AR,602,8300,8902,Little River County
AR,285,10080,10365,Logan County
AR,174,4700,4874,Lonoke County
TX,214,11232,11446,Madison County
AR,217,9985,10202,Marion County
TX,257,16517,16774,Miller County
AR,586,9405,9991,Mississippi County
AR,108,3610,3718,Monroe County
AR,478,6603,7081,Montgomery County
OK,294,8260,8554,Nevada County
TX,309,5426,5735,Newton County
AR,304,8045,8349,Ouachita County
OK,120,9702,9822,Perry County
TX,135,6868,7003,Phillips County
AR,292,5356,5648,Pike County
OK,108,7013,7121,Poinsett County
TX,123,4179,4302,Polk County
AR,3208,35031,38239,Pope County
OK,1731,18763,20494,Prairie County
TX,2453,61601,64054,Pulaski County
AR,1532,18993,20525,Randolph County
OK,55,2725,2780,St. Francis County
TX,777,45563,46340,Saline County
AR,2174,58642,60816,Scott County
OK,697,42374,43071,Searcy County
TX,1419,85212,86631,Sebastian County
AR,250,8211,8461,Sevier County
TX,239,23210,23449,Sharp County
AR,217,21698,21915,Stone County
TX,206,36697,36903,Union County
AR,247,3588,3835,Van Buren County
AR,279,5766,6045,Washington County
AR,648,5098,5746,White County
TX,349,4376,4725,Woodruff County
AR,344,4220,4564,Yell County
TX,45,3498,3543,Alameda County
AR,401,4709,5110,Alpine County
NV,253,2639,2892,Amador County
NM,400,5279,5679,Butte County
OK,280,7009,7289,Calaveras County
AR,221,2653,2874,Colusa County
NV,73,583,656,Contra Costa County
NM,220,3223,3443,Del Norte County
OK,100,4953,5053,El Dorado County
AR,368,5034,5402,Fresno County
NV,220,2964,3184,Glenn County
NM,367,5604,5971,Humboldt County
OK,247,7334,7581,Imperial County
AR,231,6711,6942,Inyo County
NV,83,4641,4724,Kern County
NM,230,7281,7511,Kings County
OK,110,9011,9121,Lake County
AR,276,4217,4493,Lassen County
AR,493,8676,9169,Los Angeles County
OK,331,10287,10618,Madera County
AR,295,10042,10337,Marin County
OK,133,11653,11786,Mariposa County
AR,923,14837,15760,Mendocino County
AR,88,4628,4716,Merced County
TX,75,4550,4625,Modoc County
AR,86,4440,4526,Mono County
TX,73,4362,4435,Monterey County
AR,206,5669,5875,Napa County
TX,127,3552,3679,Nevada County
AR,96,3626,3722,Orange County
TX,17,1509,1526,Placer County
AR,1243,14905,16148,Plumas County
AR,1625,21232,22857,Riverside County
AR,281,3927,4208,Sacramento County
AR,75,2858,2933,San Benito County
TX,377,40781,41158,San Bernardino County
AR,435,36220,36655,San Diego County
TX,737,74143,74880,San Francisco County/city
AR,216,3492,3708,San Joaquin County
AR,107,3074,3181,San Luis Obispo County
TX,115,4507,4622,San Mateo County
AR,77,4606,4683,Santa Barbara County
TX,85,6039,6124,Santa Clara County
AR,942,10395,11337,Santa Cruz County
AR,187,3039,3226,Shasta County
AR,2068,14628,16696,Sierra County
AR,31,3419,3450,Siskiyou County
AR,932,10970,11902,Solano County
AR,222,7473,7695,Sonoma County
TX,284,12044,12328,Stanislaus County
AR,291,11756,12047,Sutter County
TX,353,16327,16680,Tehama County
AR,525,15461,15986,Trinity County
AR,90,2616,2706,Tulare County
AR,10022,104862,114884,Tuolumne County
AR,372,6017,6389,Ventura County
AR,1170,17004,18174,Yolo County
AR,278,12326,12604,Yuba County
AR,126,3896,4022,Adams County
AR,404,20605,21009,Alamosa County
AR,505,21441,21946,Arapahoe County
AR,325,5691,6016,Archuleta County
AR,1084,9571,10655,Baca County
AR,92,4162,4254,Bent County
AR,925,16149,17074,Boulder County
NM,544,8377,8921,Broomfield County/city
AR,423,8522,8945,Chaffee County
NM,42,750,792,Cheyenne County
AR,137,5619,5756,Clear Creek County
AR,1532,47253,48785,Conejos County
OK,912,29750,30662,Costilla County
TX,842,26298,27140,Crowley County
AR,876,31567,32443,Custer County
OK,256,14064,14320,Delta County
TX,186,10612,10798,Denver County/city
AR,828,28594,29422,Dolores County
OK,208,11091,11299,Douglas County
TX,138,7639,7777,Eagle County
AR,714,19599,20313,Elbert County
AR,287,3514,3801,El Paso County
AR,67,6277,6344,Fremont County
AR,8,10742,10750,Garfield County
AR,2,1640,1642,Gilpin County
CA,56583,138893,195476,Grand County
CA,21,273,294,Gunnison County
CA,1251,3579,4830,Hinsdale County
CA,9383,39586,48969,Huerfano County
CA,2087,5937,8024,Jackson County
CA,540,2720,3260,Jefferson County
CA,31951,77527,109478,Kiowa County
CA,2768,7031,9799,Kit Carson County
CA,3455,14358,17813,Lake County
CA,97748,279376,377124,La Plata County
CA,1540,4506,6046,Larimer County
CA,5360,21272,26632,Las Animas County
CA,13943,46325,60268,Lincoln County
CA,834,2295,3129,Logan County
CA,55367,185503,240870,Mesa County
CA,9327,30200,39527,Mineral County
CA,3661,12638,16299,Moffat County
CA,1485,4291,5776,Montezuma County
CA,422099,1355708,1777807,Montrose County
CA,8628,35274,43902,Morgan County
CA,2373,11790,14163,Otero County
CA,744,1927,2671,Ouray County
CA,4447,18456,22903,Park County
CA,28664,62760,91424,Phillips County
CA,381,1725,2106,Pitkin County
CA,173,916,1089,Prowers County
CA,19364,45548,64912,Pueblo County
CA,2134,9081,11215,Rio Blanco County
CA,2232,7612,9844,Rio Grande County
CA,71435,235621,307056,Routt County
CA,6107,21096,27203,Saguache County
CA,512,1794,2306,San Juan County
CA,103149,297932,401081,San Miguel County
CA,104843,244017,348860,Sedgwick County
CA,2951,7945,10896,Summit County
CA,152271,414881,567152,Teller County
CA,104904,239954,344858,Washington County
CA,14875,66463,81338,Weld County
CA,43907,124425,168332,Yuma County
CA,6868,21491,28359,Fairfield County
CA,10120,25554,35674,Hartford County
CA,16587,38753,55340,Litchfield County
CA,49711,125741,175452,Middlesex County
CA,7597,29202,36799,New Haven County
CA,8704,32549,41253,New London County
CA,102,402,504,Tolland County
CA,2539,7908,10447,Windham County
CA,21130,46685,67815,Kent County
CA,12591,37526,50117,New Castle County
CA,40722,101536,142258,Sussex County
CA,4584,15529,20113,District of Colu
CA,4020,12838,16858,Alachua County
CA,437,2187,2624,Baker County
CA,54699,138245,192944,Bay County
CA,2695,7155,9850,Bradford County
CA,22393,86636,109029,Brevard County
CA,7283,20869,28152,Broward County
CA,5804,18231,24035,Calhoun County
CO,1481,5202,6683,Charlotte County
CO,163,1662,1825,Citrus County
CO,104,623,727,Clay County
CO,370,1424,1794,Collier County
CO,4456,22907,27363,Columbia County
CO,259,1799,2058,DeSoto County
CO,29,195,224,Dixie County
CO,137,960,1097,Duval County
CO,523,2676,3199,Escambia County
CO,371,1272,1643,Flagler County
CO,238,1219,1457,Franklin County
CO,85,691,776,Gadsden County
CO,742,5387,6129,Gilchrist County
MI,1498,7959,9457,Glades County
CO,1437,7809,9246,Gulf County
MI,2193,10381,12574,Hamilton County
CO,22144,124719,146863,Hardee County
CO,22,269,291,Hendry County
CO,693,9097,9790,Hernando County
IL,381,5975,6356,Highlands County
KS,2551,9788,12339,Hillsborough County
CO,406,6389,6795,Holmes County
IL,94,3267,3361,Indian River County
KS,2264,7080,9344,Jackson County
CO,2355,10036,12391,Jefferson County
IL,2043,6914,8957,Lafayette County
KS,4213,10727,14940,Lake County
CO,149,2057,2206,Lee County
CO,123,1788,1911,Leon County
CO,12340,102026,114366,Levy County
CO,1880,6717,8597,Liberty County
CO,946,6389,7335,Madison County
CO,131,618,749,Manatee County
CO,63,955,1018,Marion County
CO,135,1222,1357,Martin County
CO,1,47,48,Miami-Dade County
CO,286,2390,2676,Monroe County
CO,32,242,274,Nassau County
GA,1955,7797,9752,Okaloosa County
IL,643,9417,10060,Okeechobee County
KS,322,786,1108,Orange County
KY,46,4627,4673,Osceola County
NC,910,3900,4810,Palm Beach County
TN,356,2599,2955,Pasco County
CO,1944,7300,9244,Pinellas County
GA,3867,14855,18722,Polk County
IL,2555,16475,19030,Putnam County
KS,2234,7844,10078,St. Johns County
KY,1958,11685,13643,St. Lucie County
NC,2822,10958,13780,Santa Rosa County
TN,2268,9657,11925,Sarasota County
CO,598,9199,9797,Seminole County
GA,2521,16754,19275,Sumter County
IL,1209,18374,19583,Suwannee County
KS,888,9743,10631,Taylor County
KY,612,13584,14196,Union County
NC,1476,12857,14333,Volusia County
TN,922,11556,12478,Wakulla County
CO,241,819,1060,Walton County
GA,2164,8374,10538,Washington County
IL,852,9994,10846,Appling County
KS,531,1363,1894,Atkinson County
KY,255,5204,5459,Bacon County
NC,1119,4477,5596,Baker County
TN,565,3176,3741,Baldwin County
CO,16,4695,4711,Banks County
GA,1939,12250,14189,Barrow County
IL,627,13870,14497,Bartow County
KS,306,5239,5545,Ben Hill County
KY,30,9080,9110,Berrien County
NC,894,8353,9247,Bibb County
TN,340,7052,7392,Bleckley County
CO,395,4026,4421,Brantley County
GA,2318,11581,13899,Brooks County
IL,1006,13201,14207,Bryan County
KS,685,4570,5255,Bulloch County
KY,409,8411,8820,Burke County
NC,1273,7684,8957,Butts County
TN,719,6383,7102,Calhoun County
CO,336,2618,2954,Camden County
GA,2259,10173,12432,Candler County
IL,947,11793,12740,Carroll County
KS,626,3162,3788,Catoosa County
KY,350,7003,7353,Charlton County
NC,1214,6276,7490,Chatham County
TN,660,4975,5635,Chattahoochee County
CO,5472,47045,52517,Chattooga County
WI,3084,29187,32271,Cherokee County
CO,3081,31700,34781,Clarke County
WI,693,13842,14535,Clay County
CO,29,145,174,Clayton County
CO,126,908,1034,Clinch County
CO,124,1020,1144,Cobb County
MI,777,2899,3676,Coffee County
CO,792,2999,3791,Colquitt County
MI,1445,4878,6323,Columbia County
CO,471,5852,6323,Cook County
CO,6193,33565,39758,Coweta County
CO,616,4072,4688,Crawford County
CO,77,738,815,Crisp County
WI,242,3608,3850,Dade County
CO,266,3675,3941,Dawson County
WI,431,6545,6976,Decatur County
CO,660,3240,3900,DeKalb County
CO,2694,24301,26995,Dodge County
CO,9,45,54,Dooly County
CO,215,2639,2854,Dougherty County
CO,650,5174,5824,Douglas County
CO,1132,9293,10425,Early County
CO,895,4459,5354,Echols County
CO,785,5983,6768,Effingham County
CO,32,374,406,Elbert County
CO,141,1733,1874,Emanuel County
CO,51,557,608,Evans County
CO,29,277,306,Fannin County
CO,825,3582,4407,Fayette County
CO,8220,50185,58405,Floyd County
CO,57,784,841,Forsyth County
CO,688,3877,4565,Franklin County
CO,84,1199,1283,Fulton County
CO,318,1855,2173,Gilmer County
CO,5,131,136,Glascock County
CO,41,421,462,Glynn County
CO,47,315,362,Gordon County
CO,78,1578,1656,Grady County
CO,580,3080,3660,Greene County
CO,74,555,629,Gwinnett County
NC,877,2562,3439,Habersham County
WI,385,7891,8276,Hall County
CO,577,2786,3363,Hancock County
NC,1380,4793,6173,Haralson County
WI,888,10122,11010,Harris County
CO,370,8296,8666,Hart County
NC,1173,10303,11476,Heard County
WI,681,15632,16313,Henry County
CO,4130,36012,40142,Houston County
CO,218,1427,1645,Irwin County
CO,6694,78696,85390,Jackson County
WI,3369,40710,44079,Jasper County
CO,3827,44153,47980,Jeff Davis County
WI,502,6167,6669,Jefferson County
CO,8688,72981,81669,Jenkins County
CO,380,3235,3615,Johnson County
CT,134002,543397,677399,Jones County
DE,53959,51,54010,Lamar County
DE,116620,62,116682,Lanier County
DE,57360,46,57406,Laurens County
DC,61500,177599,239099,Lee County
FL,5440,55192,60632,Liberty County
FL,789,8678,9467,Lincoln County
FL,4493,50800,55293,Long County
FL,867,8965,9832,Lowndes County
FL,10149,108738,118887,Lumpkin County
FL,41212,342771,383983,McDuffie County
FL,487,4252,4739,McIntosh County
FL,2028,31705,33733,Macon County
FL,3003,35360,38363,Madison County
FL,2250,35235,37485,Marion County
FL,2972,60307,63279,Meriwether County
FL,2723,23074,25797,Miller County
FL,202408,789018,991426,Mitchell County
FL,748,11698,12446,Monroe County
FL,861,5909,6770,Montgomery County
FL,24894,259746,284640,Morgan County
FL,11598,92720,104318,Murray County
FL,1710,20712,22422,Muscogee County
FL,304,2947,3251,Newton County
FL,2745,19715,22460,Oconee County
FL,603,5029,5632,Oglethorpe County
FL,460,3814,4274,Paulding County
FL,627,5607,6234,Peach County
FL,699,10941,11640,Pickens County
FL,1444,18838,20282,Pierce County
FL,4066,47932,51998,Pike County
FL,2246,26994,29240,Polk County
FL,49153,358176,407329,Pulaski County
FL,807,8525,9332,Putnam County
FL,2769,27713,30482,Quitman County
FL,1589,13610,15199,Rabun County
FL,578,4044,4622,Randolph County
FL,121,1716,1837,Richmond County
FL,5855,69025,74880,Rockdale County
FL,9368,146603,155971,Schley County
FL,5941,54626,60567,Screven County
FL,1352,13299,14651,Seminole County
FL,232,2025,2257,Spalding County
FL,1013,7240,8253,Stephens County
FL,5532,74123,79655,Stewart County
FL,7985,103771,111756,Sumter County
FL,1487,21245,22732,Talbot County
FL,1491,12186,13677,Taliaferro County
FL,989,14790,15779,Tattnall County
FL,2809,31111,33920,Taylor County
FL,977,13783,14760,Telfair County
FL,31336,285011,316347,Terrell County
FL,8735,94888,103623,Thomas County
FL,20906,220837,241743,Tift County
FL,10510,115144,125654,Toombs County
FL,23574,204419,227993,Towns County
FL,17951,182862,200813,Treutlen County
FL,3413,34963,38376,Troup County
FL,2013,23402,25415,Turner County
FL,7463,73888,81351,Twiggs County
FL,2110,26941,29051,Union County
FL,5003,67751,72754,Upson County
FL,5827,64297,70124,Walker County
FL,1583,15147,16730,Walton County
FL,1356,14747,16103,Ware County
FL,835,7896,8731,Warren County
FL,467,4598,5065,Washington County
FL,12631,131789,144420,Wayne County
FL,583,6454,7037,Webster County
FL,796,9709,10505,Wheeler County
FL,681,8037,8718,White County
GA,1561,6302,7863,Whitfield County
GA,763,3859,4622,Wilcox County
GA,948,3113,4061,Wilkes County
GA,579,1540,2119,Wilkinson County
GA,3477,14100,17577,Worth County
GA,1149,4947,6096,Hawaii County
GA,3213,17546,20759,Honolulu County/city
GA,5639,31094,36733,Kauai County
GA,2214,8658,10872,Maui County
GA,1652,7382,9034,Ada County
GA,18296,63907,82203,Adams County
GA,858,3589,4447,Bannock County
GA,1223,5749,6972,Bear Lake County
GA,1623,6293,7916,Benewah County
GA,1055,5278,6333,Bingham County
GA,4210,15914,20124,Blaine County
GA,3291,10636,13927,Boise County
NC,4352,16441,20793,Bonner County
GA,2986,17360,20346,Bonneville County
NC,4047,23165,27212,Boundary County
GA,1334,8022,9356,Butte County
GA,688,2325,3013,Camas County
GA,2255,11623,13878,Canyon County
NJ,31303,33910,65213,Caribou County
NC,1287,6327,7614,Cassia County
GA,29933,30665,60598,Clark County
NJ,58981,52952,111933,Clearwater County
NC,28965,25369,54334,Custer County
GA,1245,6808,8053,Elmore County
NJ,30293,29095,59388,Franklin County
NC,277,1512,1789,Fremont County
GA,1110,4120,5230,Gem County
GA,11190,31264,42454,Gooding County
IL,5534,16975,22509,Idaho County
KY,5496,17491,22987,Jefferson County
TN,6346,21096,27442,Jerome County
GA,5794,17862,23656,Kootenai County
IL,138,3573,3711,Latah County
KY,100,4089,4189,Lemhi County
TN,950,7694,8644,Lewis County
GA,5744,18460,24204,Lincoln County
IL,88,4171,4259,Madison County
KY,50,4687,4737,Minidoka County
TN,900,8292,9192,Nez Perce County
GA,6604,21825,28429,Oneida County
IL,948,7536,8484,Owyhee County
KY,910,8052,8962,Payette County
TN,1760,11657,13417,Power County
GA,3044,16791,19835,Shoshone County
GA,905,4960,5865,Teton County
GA,12728,67402,80130,Twin Falls County
NC,7091,36624,43715,Valley County
GA,6992,39316,46308,Washington County
NC,1355,8538,9893,Adams County
GA,357,1578,1935,Alexander County
GA,2386,8540,10926,Bond County
GA,2989,24088,27077,Boone County
KS,2553,13730,16283,Brown County
NC,2032,14863,16895,Bureau County
GA,2665,15139,17804,Calhoun County
KS,2229,4781,7010,Carroll County
NC,1708,5914,7622,Cass County
GA,1931,16564,18495,Champaign County
KS,1495,6206,7701,Christian County
NC,974,7339,8313,Clark County
GA,7271,28894,36165,Clay County
GA,704,1634,2338,Clinton County
GA,20763,108543,129306,Coles County
GA,957,2667,3624,Cook County
GA,19232,104847,124079,Crawford County
GA,3880,17596,21476,Cumberland County
TN,3183,18032,21215,DeKalb County
GA,3412,18171,21583,De Witt County
TN,2715,18607,21322,Douglas County
GA,4903,17962,22865,DuPage County
GA,2112,14374,16486,Edgar County
GA,1459,7114,8573,Edwards County
GA,4567,28764,33331,Effingham County
GA,1031,3998,5029,Fayette County
IL,524,4361,4885,Ford County
KS,1951,6443,8394,Franklin County
GA,569,4325,4894,Fulton County
IL,62,4688,4750,Gallatin County
KS,1489,6770,8259,Greene County
GA,2117,6202,8319,Grundy County
IL,1610,6565,8175,Hamilton County
KS,3037,8647,11684,Hancock County
GA,3017,10599,13616,Hardin County
GA,769,3524,4293,Henderson County
GA,671,4843,5514,Henry County
GA,3551,12218,15769,Iroquois County
GA,40630,195311,235941,Jackson County
GA,2082,7198,9280,Jasper County
GA,1184,4472,5656,Jefferson County
GA,13957,47059,61016,Jersey County
GA,6071,36007,42078,Jo Daviess County
GA,2129,5337,7466,Johnson County
GA,89,771,860,Kane County
GA,1770,10054,11824,Kankakee County
GA,1884,6492,8376,Kendall County
GA,2716,8725,11441,Knox County
GA,1048,4142,5190,Lake County
GA,1150,6286,7436,LaSalle County
GA,1682,10968,12650,Lawrence County
IL,764,8454,9218,Lee County
KY,2066,37556,39622,Livingston County
TN,1615,11012,12627,Logan County
GA,1013,9147,10160,McDonough County
IL,95,6633,6728,McHenry County
KY,1397,35735,37132,McLean County
TN,946,9191,10137,Macon County
GA,2182,36822,39004,Macoupin County
IL,1264,34308,35572,Madison County
KY,2566,63410,65976,Marion County
TN,2115,36866,38981,Marshall County
GA,1860,11540,13400,Mason County
IL,942,9026,9968,Massac County
KY,2244,38128,40372,Menard County
TN,1793,11584,13377,Mercer County
GA,7485,26797,34282,Monroe County
KY,3841,26334,30175,Montgomery County
GA,4107,26659,30766,Morgan County
KY,463,26196,26659,Moultrie County
GA,2036,13220,15256,Ogle County
NC,12384,40911,53295,Peoria County
GA,6336,44620,50956,Perry County
NC,16684,72311,88995,Piatt County
GA,1680,7032,8712,Pike County
IL,1014,11374,12388,Pope County
KS,1630,5772,7402,Pulaski County
KY,1104,10785,11889,Putnam County
NC,2614,10730,13344,Randolph County
TN,1730,8995,10725,Richland County
GA,1017,11343,12360,Rock Island County
IL,351,15685,16036,St. Clair County
KS,967,10083,11050,Saline County
KY,441,15096,15537,Sangamon County
NC,1951,15041,16992,Schuyler County
TN,1067,13306,14373,Scott County
GA,1670,5936,7606,Shelby County
IL,1004,10278,11282,Stark County
KS,1620,4676,6296,Stephenson County
KY,1094,9689,10783,Tazewell County
NC,2604,9634,12238,Union County
TN,1720,7899,9619,Vermilion County
GA,1157,10768,11925,Wabash County
IL,491,15110,15601,Warren County
KS,1107,9508,10615,Washington County
KY,581,14521,15102,Wayne County
NC,2091,14466,16557,White County
TN,1207,12731,13938,Whiteside County
GA,1699,11295,12994,Will County
IL,1033,15637,16670,Williamson County
KS,1649,10035,11684,Winnebago County
KY,1123,15048,16171,Woodford County
NC,2633,14993,17626,Adams County
TN,1749,13258,15007,Allen County
GA,1859,9073,10932,Bartholomew County
IL,1193,13415,14608,Benton County
KS,1809,7813,9622,Blackford County
KY,1283,12826,14109,Boone County
NC,2793,12771,15564,Brown County
TN,1909,11036,12945,Carroll County
GA,65894,264759,330653,Cass County
GA,1206,7265,8471,Clark County
GA,244,842,1086,Clay County
GA,4457,22188,26645,Clinton County
GA,3379,15801,19180,Crawford County
GA,2432,9171,11603,Daviess County
GA,1270,6134,7404,Dearborn County
IL,692,5032,5724,Decatur County
NC,1446,6319,7765,DeKalb County
TN,2251,14143,16394,Delaware County
GA,754,5227,5981,Dubois County
IL,176,4125,4301,Elkhart County
NC,930,5412,6342,Fayette County
TN,1735,13236,14971,Floyd County
GA,1140,6723,7863,Fountain County
IL,562,5621,6183,Franklin County
NC,1316,6908,8224,Fulton County
TN,2121,14732,16853,Gibson County
GA,2365,14056,16421,Grant County
IL,1787,12954,14741,Greene County
NC,2541,14241,16782,Hamilton County
TN,3346,22065,25411,Hancock County
GA,20653,152030,172683,Harrison County
GA,1733,9094,10827,Hendricks County
GA,7012,43073,50085,Henry County
GA,1140,3700,4840,Howard County
IL,597,3968,4565,Huntington County
KY,590,3024,3614,Jackson County
TN,961,4010,4971,Jasper County
GA,632,3937,4569,Jay County
IL,89,4205,4294,Jefferson County
KY,82,3261,3343,Jennings County
TN,453,4247,4700,Johnson County
GA,622,3079,3701,Knox County
IL,79,3347,3426,Kosciusko County
KY,72,2403,2475,LaGrange County
TN,443,3389,3832,Lake County
GA,996,4068,5064,LaPorte County
IL,453,4336,4789,Lawrence County
KY,446,3392,3838,Madison County
TN,817,4378,5195,Marion County
GA,2607,9000,11607,Marshall County
GA,727,4371,5098,Martin County
GA,2150,7292,9442,Miami County
KY,1127,7465,8592,Monroe County
GA,1218,7622,8840,Montgomery County
KY,195,7795,7990,Morgan County
GA,1128,4120,5248,Newton County
GA,7084,42183,49267,Noble County
IL,3739,24323,28062,Ohio County
KY,3562,22701,26263,Orange County
TN,4468,26870,31338,Owen County
GA,3791,25790,29581,Parke County
IL,446,7930,8376,Perry County
KY,269,6308,6577,Pike County
TN,1175,10477,11652,Porter County
GA,3648,24426,28074,Posey County
IL,303,6566,6869,Pulaski County
KY,126,4944,5070,Putnam County
TN,1032,9113,10145,Randolph County
GA,4659,28343,33002,Ripley County
IL,1314,10483,11797,Rush County
KY,1137,8861,9998,St. Joseph County
TN,2043,13030,15073,Scott County
GA,7896,34658,42554,Shelby County
GA,861,3666,4527,Spencer County
GA,1046,4997,6043,Starke County
GA,1429,5986,7415,Steuben County
GA,2569,6723,9292,Sullivan County
IL,1641,10855,12496,Switzerland County
KS,1579,4181,5760,Tippecanoe County
KY,7414,121618,129032,Tipton County
TN,2088,13085,15173,Union County
GA,1657,10542,12199,Vanderburgh County
IL,729,14674,15403,Vermillion County
KS,667,8000,8667,Vigo County
KY,6502,125437,131939,Wabash County
TN,1176,16904,18080,Warren County
GA,1626,4217,5843,Warrick County
IL,698,8349,9047,Washington County
KS,636,1675,2311,Wayne County
KY,6471,119112,125583,Wells County
TN,1145,10579,11724,White County
GA,7576,114974,122550,Whitley County
IL,6648,119106,125754,Adair County
KS,6586,112432,119018,Adams County
KY,12421,229869,242290,Allamakee County
TN,7095,121336,128431,Appanoose County
GA,2192,12975,15167,Audubon County
IL,1264,17107,18371,Benton County
KS,1202,10433,11635,Black Hawk County
KY,7037,127870,134907,Boone County
TN,1711,19337,21048,Bremer County
GA,1257,3867,5124,Buchanan County
GA,1223,3365,4588,Buena Vista County
GA,1449,6819,8268,Butler County
GA,1213,5573,6786,Calhoun County
GA,1005,3853,4858,Carroll County
GA,5276,19025,24301,Cass County
GA,882,6068,6950,Cedar County
IL,451,4659,5110,Cerro Gordo County
KY,526,5712,6238,Cherokee County
GA,514,4832,5346,Chickasaw County
IL,83,3423,3506,Clarke County
KY,158,4476,4634,Clay County
GA,604,5843,6447,Clayton County
IL,173,4434,4607,Clinton County
KY,248,5487,5735,Crawford County
GA,2588,13952,16540,Dallas County
GA,598,2163,2761,Davis County
GA,987,4822,5809,Decatur County
GA,7712,35938,43650,Delaware County
GA,1281,7306,8587,Des Moines County
GA,2428,8520,10948,Dickinson County
GA,929,3786,4715,Dubuque County
GA,1424,4353,5777,Emmet County
GA,1986,7938,9924,Fayette County
GA,805,2871,3676,Floyd County
GA,2657,8161,10818,Franklin County
GA,781,2366,3147,Fremont County
GA,3114,10804,13918,Greene County
KS,1521,5285,6806,Grundy County
NC,1856,6801,8657,Guthrie County
GA,1711,5954,7665,Hamilton County
KS,118,435,553,Hancock County
NC,453,1951,2404,Hardin County
GA,1864,7686,9550,Harrison County
KS,271,2167,2438,Henry County
NC,606,3683,4289,Howard County
GA,1254,5660,6914,Humboldt County
GA,752,2997,3749,Ida County
IL,408,5337,5745,Iowa County
KS,2026,5069,7095,Jackson County
KY,471,6920,7391,Jasper County
TN,4209,20940,25149,Jefferson County
GA,438,5195,5633,Johnson County
IL,94,7535,7629,Jones County
KS,1712,7267,8979,Keokuk County
KY,157,9118,9275,Kossuth County
TN,3895,23138,27033,Lee County
GA,2040,4891,6931,Linn County
IL,1696,7231,8927,Louisa County
KS,3314,6963,10277,Lucas County
KY,1759,8814,10573,Lyon County
TN,5497,22834,28331,Madison County
GA,488,6876,7364,Mahaska County
IL,144,9216,9360,Marion County
KS,1762,8948,10710,Marshall County
KY,207,10799,11006,Mills County
TN,3945,24819,28764,Mitchell County
GA,4497,19587,24084,Monona County
IL,4153,21927,26080,Monroe County
KS,5771,21659,27430,Montgomery County
KY,4216,23510,27726,Muscatine County
TN,7954,37530,45484,O'Brien County
GA,1026,5349,6375,Osceola County
IL,606,7364,7970,Page County
KY,671,6253,6924,Palo Alto County
TN,953,7170,8123,Plymouth County
GA,663,7159,7822,Pocahontas County
IL,243,9174,9417,Polk County
KY,308,8063,8371,Pottawattamie County
TN,590,8980,9570,Poweshiek County
GA,665,6363,7028,Ringgold County
IL,245,8378,8623,Sac County
KY,310,7267,7577,Scott County
TN,592,8184,8776,Shelby County
GA,1015,7089,8104,Sioux County
IL,595,9104,9699,Story County
KY,660,7993,8653,Tama County
TN,942,8910,9852,Taylor County
GA,2820,15633,18453,Union County
GA,16735,62938,79673,Van Buren County
GA,6578,33538,40116,Wapello County
GA,573,3139,3712,Warren County
GA,869,3569,4438,Washington County
GA,3755,24901,28656,Wayne County
GA,2503,10246,12749,Webster County
GA,1340,8018,9358,Winnebago County
GA,1612,6553,8165,Winneshiek County
GA,712,4387,5099,Woodbury County
IL,375,4196,4571,Worth County
KY,592,18194,18786,Wright County
GA,388,4323,4711,Allen County
IL,51,4132,4183,Anderson County
KY,268,18130,18398,Atchison County
GA,613,18273,18886,Barber County
IL,276,18082,18358,Barton County
KY,493,32080,32573,Bourbon County
GA,4052,13892,17944,Brown County
GA,891,2779,3670,Butler County
IL,557,2872,3429,Chase County
KY,866,14025,14891,Chautauqua County
GA,576,2933,3509,Cherokee County
IL,242,3026,3268,Cheyenne County
KY,551,14179,14730,Clark County
GA,872,13661,14533,Clay County
IL,538,13754,14292,Cloud County
KY,847,24907,25754,Coffey County
GA,1280,6790,8070,Comanche County
GA,385,974,1359,Cowley County
GA,849,3824,4673,Crawford County
GA,1015,2848,3863,Decatur County
GA,20662,80963,101625,Dickinson County
GA,4463,27883,32346,Doniphan County
GA,343,1357,1700,Douglas County
GA,1884,5095,6979,Edwards County
GA,1256,3780,5036,Elk County
GA,6126,28622,34748,Ellis County
GA,2992,9173,12165,Ellsworth County
GA,655,2157,2812,Finney County
GA,4485,16049,20534,Ford County
GA,737,2326,3063,Franklin County
GA,261,849,1110,Geary County
GA,2064,6106,8170,Gove County
GA,958,3178,4136,Graham County
GA,1438,4350,5788,Grant County
GA,1723,5288,7011,Gray County
GA,4414,14539,18953,Greeley County
GA,4017,17901,21918,Greenwood County
GA,3132,11794,14926,Hamilton County
GA,462,2362,2824,Harper County
GA,866,3039,3905,Harvey County
GA,6752,20182,26934,Haskell County
GA,502,2175,2677,Hodgeman County
GA,905,2798,3703,Jackson County
GA,917,5266,6183,Jefferson County
GA,3123,10293,13416,Jewell County
GA,4622,18919,23541,Johnson County
GA,4695,21614,26309,Kearny County
GA,3436,12248,15684,Kingman County
GA,850,2514,3364,Kiowa County
GA,2145,7535,9680,Labette County
IL,1072,4455,5527,Lane County
KS,1123,3878,5001,Leavenworth County
KY,1072,5512,6584,Lincoln County
TN,3309,19597,22906,Linn County
GA,1112,4709,5821,Logan County
IL,39,1629,1668,Lyon County
KS,90,1052,1142,McPherson County
KY,39,2686,2725,Marion County
TN,2276,16771,19047,Marshall County
GA,1157,4114,5271,Meade County
IL,84,1034,1118,Miami County
KS,135,457,592,Mitchell County
KY,84,2091,2175,Montgomery County
TN,2321,16176,18497,Morris County
GA,1132,5655,6787,Morton County
IL,59,2575,2634,Nemaha County
KS,110,1998,2108,Neosho County
KY,59,3632,3691,Ness County
TN,2296,17717,20013,Norton County
GA,3377,19139,22516,Osage County
IL,2304,16059,18363,Osborne County
KS,2355,15482,17837,Ottawa County
KY,2304,17116,19420,Pawnee County
TN,4541,31201,35742,Phillips County
GA,2713,11036,13749,Pottawatomie County
IL,1373,7421,8794,Pratt County
KY,1393,10670,12063,Rawlins County
NC,5749,22417,28166,Reno County
TN,1667,8335,10002,Republic County
GA,1442,7672,9114,Rice County
IL,102,4057,4159,Riley County
KY,122,7306,7428,Rooks County
NC,4478,19053,23531,Rush County
TN,396,4971,5367,Russell County
GA,1464,11141,12605,Saline County
IL,124,7526,7650,Scott County
KY,144,10775,10919,Sedgwick County
NC,4500,22522,27022,Seward County
TN,418,8440,8858,Shawnee County
GA,3419,23237,26656,Sheridan County
IL,2079,19622,21701,Sherman County
KY,2099,22871,24970,Smith County
NC,6455,34618,41073,Stafford County
TN,2373,20536,22909,Stanton County
GA,1738,8608,10346,Stevens County
IL,398,4993,5391,Sumner County
KY,418,8242,8660,Thomas County
NC,4774,19989,24763,Trego County
TN,692,5907,6599,Wabaunsee County
GA,235,939,1174,Wallace County
KY,200,2527,2727,Washington County
GA,197,2482,2679,Wichita County
KY,162,4070,4232,Wilson County
GA,565,2304,2869,Woodson County
GA,1370,6898,8268,Wyandotte County
GA,4624,27800,32424,Adair County
GA,854,3142,3996,Allen County
GA,1123,3961,5084,Anderson County
NC,3117,12392,15509,Ballard County
GA,2203,12703,14906,Barren County
NC,4197,21134,25331,Bath County
GA,889,4055,4944,Bell County
GA,1887,8147,10034,Boone County
GU,52003,22668,74671,Bourbon County
HI,17453,50707,68160,Boyd County
HI,46532,119525,166057,Boyle County
HI,2719,12595,15314,Bracken County
HI,6558,22602,29160,Breathitt County
ID,16133,380017,396150,Breckinridge County
IL,796,16814,17610,Bullitt County
PA,1012,14089,15101,Butler County
IL,965,14107,15072,Caldwell County
PA,1181,11382,12563,Calloway County
IL,1109,4600,5709,Campbell County
NC,1506,6802,8308,Carlisle County
IL,911,6985,7896,Carroll County
NC,1308,9187,10495,Carter County
IL,298,4252,4550,Casey County
IL,111,9760,9871,Christian County
KY,394,14674,15068,Clark County
IL,354,14214,14568,Clay County
KY,637,19128,19765,Clinton County
IL,39,659,698,Crittenden County
KS,398,1377,1775,Cumberland County
IL,431,1281,1712,Daviess County
KS,790,1999,2789,Edmonson County
IL,185,6895,7080,Elliott County
IL,3,914,917,Estill County
SC,293,2988,3281,Fayette County
IL,222,2987,3209,Fleming County
SC,512,5061,5573,Floyd County
IL,63,2697,2760,Franklin County
IL,2059,39465,41524,Fulton County
IL,266,8862,9128,Gallatin County
KY,602,17537,18139,Garrard County
IL,538,17613,18151,Grant County
KY,874,26288,27162,Graves County
IL,135,3451,3586,Grayson County
KS,125,1760,1885,Green County
KY,240,8716,8956,Greenup County
IL,103,1847,1950,Hancock County
KS,93,156,249,Hardin County
KY,208,7112,7320,Harlan County
IL,232,8522,8754,Harrison County
KS,222,6831,7053,Hart County
KY,337,13787,14124,Henderson County
IL,103,3661,3764,Henry County
KS,190,2251,2441,Hickman County
KY,106,11032,11138,Hopkins County
TN,363,3704,4067,Jackson County
IL,185,2303,2488,Jefferson County
KS,272,893,1165,Jessamine County
KY,188,9674,9862,Johnson County
TN,445,2346,2791,Kenton County
IL,113,11025,11138,Knott County
KS,200,9615,9815,Knox County
KY,116,18396,18512,Larue County
TN,373,11068,11441,Laurel County
IL,393,3720,4113,Lawrence County
KS,480,2310,2790,Lee County
KY,396,11091,11487,Leslie County
TN,653,3763,4416,Letcher County
IL,190,5229,5419,Lewis County
KY,101,5368,5469,Lincoln County
IL,117,5398,5515,Livingston County
KY,28,5537,5565,Logan County
IL,407,13051,13458,Lyon County
IL,1,3806,3807,McCracken County
IL,6383,21609,27992,McCreary County
IL,3417,36972,40389,McLean County
IL,7146,48428,55574,Madison County
IL,4127,85757,89884,Magoffin County
IL,11380,137867,149247,Marion County
IL,4667,85087,89754,Marshall County
IL,7042,56715,63757,Martin County
IL,8279,151377,159656,Mason County
IL,6132,31630,37762,Meade County
IL,4109,146353,150462,Menifee County
IL,7617,43242,50859,Mercer County
IL,5423,49257,54680,Metcalfe County
IL,9780,66490,76270,Monroe County
IL,16,3,19,Montgomery County
IL,3361,1632,4993,Morgan County
IL,11570,65640,77210,Muhlenberg County
IL,0,40108,40108,Nelson County
IL,19955,112528,132483,Nicholas County
IL,12339,188435,200774,Ohio County
IL,11813,88197,100010,Oldham County
IL,5337,74588,79925,Owen County
IL,40,2319,2359,Owsley County
KY,76,2834,2910,Pendleton County
NJ,11787,16453,28240,Perry County
TN,1050,11055,12105,Pike County
IL,72,2862,2934,Powell County
KY,108,3377,3485,Pulaski County
NJ,11819,16996,28815,Robertson County
TN,1082,11598,12680,Rockcastle County
IL,11200,14349,25549,Rowan County
KY,11236,14864,26100,Russell County
NJ,22947,28483,51430,Scott County
TN,12210,23085,35295,Shelby County
IL,1054,10712,11766,Simpson County
KY,1090,11227,12317,Spencer County
NJ,12801,24846,37647,Taylor County
TN,2064,19448,21512,Todd County
IL,622,16143,16765,Trigg County
TN,735,11757,12492,Trimble County
IL,761,12346,13107,Union County
TN,874,7960,8834,Warren County
IL,92,3293,3385,Washington County
IL,2732,93212,95944,Wayne County
IL,129,5947,6076,Webster County
IL,44,1205,1249,Whitley County
KS,57,769,826,Wolfe County
IL,56,829,885,Woodford County
KS,69,393,462,Acadia Parish
IL,103,6810,6913,Allen Parish
IL,52,2543,2595,Ascension Parish
KS,957,3975,4932,Assumption Parish
IL,850,3766,4616,Avoyelles Parish
KS,1755,5198,6953,Beauregard Parish
IL,319,9117,9436,Bienville Parish
KY,259,6307,6566,Bossier Parish
IL,217,6532,6749,Caddo Parish
KY,157,3722,3879,Calcasieu Parish
IL,14,1894,1908,Caldwell Parish
KY,18,2747,2765,Cameron Parish
IL,21,2626,2647,Catahoula Parish
KY,25,3479,3504,Claiborne Parish
IL,106,5720,5826,Concordia Parish
TN,662,7253,7915,De Soto Parish
IL,689,7415,8104,East Baton Rouge Parish
TN,1245,8948,10193,East Carroll Parish
IL,74,2022,2096,East Feliciana Parish
KS,73,1140,1213,Evangeline Parish
IL,73,1143,1216,Franklin Parish
KS,72,261,333,Grant Parish
IL,78,1230,1308,Iberia Parish
KY,194,13772,13966,Iberville Parish
TN,971,6459,7430,Jackson Parish
IL,216,13753,13969,Jefferson Parish
KY,332,26295,26627,Jefferson Davis Parish
TN,1109,18982,20091,Lafayette Parish
IL,988,6602,7590,Lafourche Parish
KY,1104,19144,20248,LaSalle Parish
TN,1881,11831,13712,Lincoln Parish
IL,7,1018,1025,Livingston Parish
KY,363,8276,8639,Madison Parish
NC,2257,9199,11456,Morehouse Parish
TN,867,6405,7272,Natchitoches Parish
IL,394,7804,8198,Orleans Parish
KY,750,15062,15812,Ouachita Parish
NC,2644,15985,18629,Plaquemines Parish
TN,1254,13191,14445,Pointe Coupee Parish
IL,1148,9311,10459,Rapides Parish
KY,1504,16569,18073,Red River Parish
NC,3398,17492,20890,Richland Parish
TN,2008,14698,16706,Sabine Parish
IL,861,6327,7188,St. Bernard Parish
KY,1217,13585,14802,St. Charles Parish
NC,3111,14508,17619,St. Helena Parish
TN,1721,11714,13435,St. James Parish
IL,313,7150,7463,St. John the Baptist Parish
IL,20,1667,1687,St. Landry Parish
IL,72,4431,4503,St. Martin Parish
IL,52,2853,2905,St. Mary Parish
IL,52,2446,2498,St. Tammany Parish
KS,5169,16482,21651,Tangipahoa Parish
KY,178,7878,8056,Tensas Parish
TN,733,5014,5747,Terrebonne Parish
IL,4921,14978,19899,Union Parish
KS,10038,29014,39052,Vermilion Parish
KY,5047,20410,25457,Vernon Parish
TN,5602,17546,23148,Washington Parish
IL,201,7746,7947,Webster Parish
KS,5318,21782,27100,West Baton Rouge Parish
KY,327,13178,13505,West Carroll Parish
TN,882,10314,11196,West Feliciana Parish
IL,706,4892,5598,Winn Parish
KS,5823,18928,24751,Androscoggin County
KY,832,10324,11156,Aroostook County
TN,1387,7460,8847,Cumberland County
IL,4281,104154,108435,Franklin County
IL,1606,34168,35774,Hancock County
IL,145,11917,12062,Kennebec County
IL,528,14805,15333,Knox County
KY,589,19417,20006,Lincoln County
TN,10070,60095,70165,Oxford County
IL,601,19487,20088,Penobscot County
KY,662,24099,24761,Piscataquis County
TN,10143,64777,74920,Sagadahoc County
IL,9926,57037,66963,Somerset County
KY,9987,61649,71636,Waldo County
TN,19468,102327,121795,Washington County
IL,4823,93190,98013,York County
TN,2660,46265,48925,Allegany County
IL,2833,50811,53644,Anne Arundel County
TN,670,3886,4556,Baltimore County
IL,549,27667,28216,Calvert County
IL,106,3832,3938,Caroline County
KY,123,6708,6831,Carroll County
TN,1026,9682,10708,Cecil County
IL,104,6731,6835,Charles County
KY,121,9607,9728,Dorchester County
TN,1024,12581,13605,Frederick County
IL,1042,9482,10524,Garrett County
KY,1059,12358,13417,Harford County
TN,1962,15332,17294,Howard County
IL,111,7387,7498,Kent County
KY,62,5113,5175,Montgomery County
IL,93,5335,5428,Prince George's County
KY,44,3061,3105,Queen Anne's County
IL,129,7902,8031,St. Mary's County
KS,120,3903,4023,Somerset County
KY,140,8350,8490,Talbot County
IL,138,4200,4338,Washington County
KS,129,201,330,Wicomico County
KY,149,4648,4797,Worcester County
IL,183,8617,8800,Baltimore city
KS,174,4618,4792,Barnstable County
KY,194,9065,9259,Berkshire County
IL,291,5855,6146,Bristol County
IL,403,27805,28208,Dukes County
IL,1042,29138,30180,Essex County
KY,527,15875,16402,Franklin County
IL,586,16529,17115,Hampden County
KY,71,3266,3337,Hampshire County
IL,2072,36168,38240,Middlesex County
TN,1675,22863,24538,Nantucket County/town
IL,1749,23654,25403,Norfolk County
TN,1352,10349,11701,Plymouth County
IL,101,11325,11426,Suffolk County
IL,3437,66090,69527,Worcester County
KY,1925,45807,47732,Alcona County
TN,6278,48022,54300,Alger County
IL,1972,46196,48168,Allegan County
KY,460,25913,26373,Alpena County
TN,4813,28128,32941,Antrim County
IL,6437,48547,54984,Arenac County
KY,4925,28264,33189,Baraga County
TN,9278,30479,39757,Barry County
IL,759,15587,16346,Bay County
KS,552,8335,8887,Benzie County
KY,446,11665,12111,Berrien County
TN,1260,13914,15174,Branch County
IL,553,8307,8860,Calhoun County
KS,346,1055,1401,Cass County
KY,240,4385,4625,Charlevoix County
TN,1054,6634,7688,Cheboygan County
IL,445,11596,12041,Chippewa County
KS,238,4344,4582,Clare County
KY,132,7674,7806,Clinton County
TN,946,9923,10869,Crawford County
IL,1304,13692,14996,Delta County
KS,1097,6440,7537,Dickinson County
KY,991,9770,10761,Eaton County
TN,1805,12019,13824,Emmet County
IL,64,2719,2783,Genesee County
KS,236,1980,2216,Gladwin County
KY,84,5529,5613,Gogebic County
TN,592,6695,7287,Grand Traverse County
IL,254,1859,2113,Gratiot County
KS,426,1120,1546,Hillsdale County
KY,274,4669,4943,Houghton County
TN,782,5835,6617,Huron County
IL,93,5427,5520,Ingham County
KS,265,4688,4953,Ionia County
KY,113,8237,8350,Iosco County
TN,621,9403,10024,Iron County
IL,621,6579,7200,Isabella County
KS,793,5840,6633,Jackson County
KY,641,9389,10030,Kalamazoo County
TN,1149,10555,11704,Kalkaska County
IL,154,4179,4333,Kent County
KY,324,5844,6168,Keweenaw County
IL,343,5897,6240,Lake County
KY,513,7562,8075,Lapeer County
IL,252,6091,6343,Leelanau County
IL,29,2033,2062,Lenawee County
IL,69,2550,2619,Livingston County
KY,98,4678,4776,Luce County
NJ,15172,13586,28758,Mackinac County
IL,74,4566,4640,Macomb County
KY,103,6694,6797,Manistee County
NJ,15177,15602,30779,Marquette County
IL,14394,11800,26194,Mason County
KY,14423,13928,28351,Mecosta County
NJ,29497,22836,52333,Menominee County
IL,71,1504,1575,Midland County
KY,77,3600,3677,Missaukee County
TN,989,10618,11607,Monroe County
IL,95,3405,3500,Montcalm County
KY,101,5501,5602,Montmorency County
TN,1013,12519,13532,Muskegon County
IL,1001,10306,11307,Newaygo County
KY,1007,12402,13409,Oakland County
TN,1919,19420,21339,Oceana County
IL,46,2279,2325,Ogemaw County
IL,134,12864,12998,Ontonagon County
IL,4389,56181,60570,Osceola County
IL,156,6376,6532,Oscoda County
KY,467,12696,13163,Otsego County
TN,241,4721,4962,Ottawa County
IL,445,12825,13270,Presque Isle County
KY,756,19145,19901,Roscommon County
TN,530,11170,11700,Saginaw County
IL,215,4941,5156,St. Clair County
KY,526,11261,11787,St. Joseph County
TN,300,3286,3586,Sanilac County
IL,36,1583,1619,Schoolcraft County
IL,53,1698,1751,Shiawassee County
IL,34,760,794,Tuscola County
TN,1773,12981,14754,Van Buren County
IL,1786,12283,14069,Washtenaw County
TN,3525,24504,28029,Wayne County
IL,352,7590,7942,Wexford County
NC,4212,21960,26172,Aitkin County
IL,1896,23373,25269,Anoka County
NC,5756,37743,43499,Becker County
IL,178,4612,4790,Beltrami County
SC,5839,56535,62374,Benton County
IL,5295,53179,58474,Big Stone County
SC,10956,105102,116058,Blue Earth County
IL,2671,35662,38333,Brown County
IL,8743,83558,92301,Carlton County
IL,306,10807,11113,Carver County
KS,1958,9801,11759,Cass County
IL,1741,9909,11650,Chippewa County
KS,3393,8903,12296,Chisago County
IL,3384,51661,55045,Clay County
IL,57,1499,1556,Clearwater County
IL,4,798,802,Cook County
KS,78,613,691,Cottonwood County
KY,132,6683,6815,Crow Wing County
TN,1125,7166,8291,Dakota County
IL,94,611,705,Dodge County
KS,168,426,594,Douglas County
KY,222,6496,6718,Faribault County
TN,1215,6979,8194,Fillmore County
IL,147,6409,6556,Freeborn County
KS,221,6224,6445,Goodhue County
KY,275,12294,12569,Grant County
TN,1268,12777,14045,Hennepin County
IL,1138,7039,8177,Houston County
KS,1212,6854,8066,Hubbard County
KY,1266,12924,14190,Isanti County
TN,2259,13407,15666,Itasca County
IL,142,3925,4067,Jackson County
KY,261,6770,7031,Kanabec County
IL,228,6592,6820,Kandiyohi County
KY,347,9437,9784,Kittson County
IL,29,931,960,Koochiching County
IL,958,13151,14109,Lac qui Parle County
IL,868,24463,25331,Lake County
IL,374,6516,6890,Lake of the Woods County
KY,246,5781,6027,Le Sueur County
NJ,15075,23792,38867,Lincoln County
NC,3958,19695,23653,Lyon County
TN,701,7871,8572,McLeod County
IL,309,5825,6134,Mahnomen County
KY,181,5090,5271,Marshall County
NJ,15010,23101,38111,Martin County
NC,3893,19004,22897,Meeker County
TN,636,7180,7816,Mille Lacs County
IL,14473,20424,34897,Morrison County
KY,14345,19689,34034,Mower County
NJ,29174,37700,66874,Murray County
NC,18057,33603,51660,Nicollet County
TN,14800,21779,36579,Nobles County
IL,1451,20611,22062,Norman County
KY,1323,19876,21199,Olmsted County
NJ,16152,37887,54039,Otter Tail County
NC,5035,33790,38825,Pennington County
TN,1778,21966,23744,Pine County
IL,674,7949,8623,Pipestone County
KY,546,7214,7760,Polk County
NJ,15375,25225,40600,Pope County
NC,4258,21128,25386,Ramsey County
TN,1001,9304,10305,Red Lake County
IL,2796,31139,33935,Redwood County
IL,84,3037,3121,Renville County
IL,240,4274,4514,Rice County
KY,575,18702,19277,Rock County
NJ,2432,5679,8111,Roseau County
TN,1025,10681,11706,St. Louis County
IL,647,17677,18324,Scott County
KY,982,32105,33087,Sherburne County
NJ,2839,19082,21921,Sibley County
TN,1432,24084,25516,Stearns County
IL,2339,5316,7655,Steele County
KY,2674,19744,22418,Stevens County
NJ,4531,6721,11252,Swift County
TN,3124,11723,14847,Todd County
IL,1078,10705,11783,Traverse County
KY,1413,25133,26546,Wabasha County
NJ,3270,12110,15380,Wadena County
TN,1863,17112,18975,Waseca County
IL,78,4147,4225,Washington County
TN,532,7324,7856,Watonwan County
IL,569,7208,7777,Wilkin County
TN,1023,10385,11408,Winona County
IL,339,12355,12694,Wright County
IL,4467,97001,101468,Yellow Medicine County
IL,819,21487,22306,Adams County
TN,1064,17306,18370,Alcorn County
IL,1084,17501,18585,Amite County
TN,1329,13320,14649,Attala County
IL,5402,97985,103387,Benton County
IL,49,3348,3397,Bolivar County
KY,85,4174,4259,Calhoun County
IL,72,3986,4058,Carroll County
KY,108,4812,4920,Chickasaw County
IN,1131,4806,5937,Choctaw County
IN,23169,72064,95233,Claiborne County
IN,3115,12846,15961,Clarke County
IN,440,1981,2421,Clay County
IN,1059,2917,3976,Coahoma County
IN,1340,5752,7092,Copiah County
IN,598,2576,3174,Covington County
IN,383,2596,2979,DeSoto County
MS,216,2596,2812,Forrest County
IN,223,2668,2891,Franklin County
MS,56,2668,2724,George County
IN,1846,8088,9934,Greene County
IN,5739,17273,23012,Grenada County
OH,7445,28964,36409,Hancock County
IN,7178,29673,36851,Harrison County
OH,8884,41364,50248,Hinds County
IN,1715,5297,7012,Holmes County
MN,2477,6524,9001,Humphreys County
MN,884,2612,3496,Issaquena County
MS,1186,7990,9176,Itawamba County
IN,2382,6223,8605,Jackson County
MN,3144,7450,10594,Jasper County
MN,1551,3538,5089,Jefferson County
MS,1853,8916,10769,Jefferson Davis County
IN,1098,8066,9164,Jones County
MN,1860,9293,11153,Kemper County
MN,267,5381,5648,Lafayette County
MS,569,10759,11328,Lamar County
IN,1694,6752,8446,Lauderdale County
IN,737,2432,3169,Lawrence County
IN,1520,4746,6266,Leake County
IN,1646,7047,8693,Lee County
IN,1662,4998,6660,Leflore County
IN,1430,8226,9656,Lincoln County
IN,9288,24546,33834,Lowndes County
IN,987,3919,4906,Madison County
IN,12964,46243,59207,Marion County
IN,3534,7133,10667,Marshall County
IN,5728,11794,17522,Monroe County
VA,3240,7444,10684,Montgomery County
IN,3004,7672,10676,Neshoba County
VA,516,3322,3838,Newton County
IN,902,2806,3708,Noxubee County
IN,1232,3653,4885,Oktibbeha County
MS,652,3192,3844,Panola County
OH,35537,152186,187723,Pearl River County
IN,660,3237,3897,Perry County
MS,80,2776,2856,Pike County
OH,34965,151770,186735,Pontotoc County
IN,36194,142817,179011,Prentiss County
MS,35614,142356,177970,Quitman County
OH,70499,291350,361849,Rankin County
IN,1393,4416,5809,Scott County
IN,1130,5174,6304,Sharkey County
IN,5748,16938,22686,Simpson County
IN,1717,6382,8099,Smith County
MS,921,5089,6010,Stone County
IN,875,5364,6239,Sunflower County
MS,79,4071,4150,Tallahatchie County
IN,2619,13183,15802,Tate County
IN,1950,8044,9994,Tippah County
MS,1090,10895,11985,Tishomingo County
IN,1115,10941,12056,Tunica County
MS,255,13792,14047,Union County
IN,1670,6273,7943,Walthall County
MS,2365,34642,37007,Warren County
IN,2180,32156,34336,Washington County
MS,2875,60525,63400,Wayne County
IN,1686,10539,12225,Webster County
IN,4609,10463,15072,Wilkinson County
IN,6314,18639,24953,Winston County
IN,1391,6824,8215,Yalobusha County
IN,2073,7718,9791,Yazoo County
MN,1184,4214,5398,Adair County
MS,1918,21700,23618,Andrew County
IN,1218,4423,5641,Atchison County
MN,329,919,1248,Audrain County
MS,1063,18405,19468,Barry County
IN,2028,21616,23644,Barton County
MN,1139,18112,19251,Bates County
MS,1873,35598,37471,Benton County
IN,1368,5108,6476,Bollinger County
MS,793,5966,6759,Boone County
IN,702,6084,6786,Buchanan County
MS,127,6942,7069,Butler County
IN,1102,4246,5348,Caldwell County
IN,1857,6375,8232,Callaway County
MS,1127,5138,6265,Camden County
IN,1008,5159,6167,Cape Girardeau County
MS,278,3922,4200,Carroll County
IN,1699,6887,8586,Carter County
IN,4313,18361,22674,Cass County
IN,3260,7031,10291,Cedar County
IN,1899,11547,13446,Chariton County
IN,576,3459,4035,Christian County
IN,56416,119811,176227,Clark County
IN,9700,25971,35671,Clay County
IN,2239,8951,11190,Clinton County
MS,1206,6566,7772,Cole County
IN,1264,6769,8033,Cooper County
MS,231,4384,4615,Crawford County
IN,9362,27784,37146,Dade County
MS,5363,23377,28740,Dallas County
IN,5519,23929,29448,Daviess County
MS,1520,19522,21042,DeKalb County
IN,111080,223178,334258,Dent County
MS,55134,113590,168724,Douglas County
IN,56512,120565,177077,Dunklin County
MS,566,10977,11543,Franklin County
IN,1777,8073,9850,Gasconade County
MN,1047,4382,5429,Gentry County
MS,1217,10782,11999,Greene County
IN,977,4464,5441,Grundy County
MN,247,773,1020,Harrison County
MS,417,7173,7590,Henry County
IN,1160,10639,11799,Hickory County
MN,430,6948,7378,Holt County
MS,600,13348,13948,Howard County
IN,476,1607,2083,Howell County
IN,2055,8016,10071,Iron County
IN,4238,14282,18520,Jackson County
IN,2149,6346,8495,Jasper County
IN,4608,12216,16824,Jefferson County
IN,724,2526,3250,Johnson County
MS,491,4972,5463,Knox County
IN,476,4786,5262,Laclede County
MS,243,7232,7475,Lafayette County
IN,1397,8253,9650,Lawrence County
IN,183,808,991,Lewis County
IN,1509,4607,6116,Lincoln County
VA,1107,4919,6026,Linn County
IN,1109,4959,6068,Livingston County
VA,707,5271,5978,McDonald County
IN,1296,4613,5909,Macon County
IN,998,2823,3821,Madison County
IN,807,2852,3659,Maries County
IN,707,1807,2514,Marion County
MS,862,10532,11394,Mercer County
IN,813,10466,11279,Miller County
MS,968,19191,20159,Mississippi County
IN,5543,20406,25949,Moniteau County
IN,1259,2850,4109,Monroe County
IN,959,2648,3607,Montgomery County
IN,1314,5724,7038,Morgan County
IN,1689,5760,7449,New Madrid County
IN,999,4393,5392,Newton County
IN,1176,3128,4304,Nodaway County
IN,21526,55278,76804,Oregon County
IN,2635,6917,9552,Osage County
MS,1549,8742,10291,Ozark County
IN,1409,8726,10135,Pemiscot County
MS,323,10551,10874,Perry County
IN,2053,8672,10725,Pettis County
IN,890,2548,3438,Phelps County
IN,2433,6901,9334,Pike County
IN,1203,6164,7367,Platte County
IN,1327,3870,5197,Polk County
IN,451,2039,2490,Pulaski County
IN,7057,24365,31422,Putnam County
IN,492,2268,2760,Ralls County
IN,687,1564,2251,Randolph County
MS,415,3986,4401,Ray County
IN,382,4101,4483,Reynolds County
MS,110,6523,6633,Ripley County
IN,12594,35639,48233,St. Charles County
IN,870,2908,3778,St. Clair County
IN,9125,23002,32127,Ste. Genevieve County
IN,1266,5707,6973,St. Francois County
IN,269,1049,1318,St. Louis County
MS,651,10493,11144,Saline County
VA,631,4530,5161,Schuyler County
IN,657,10198,10855,Scotland County
MS,1039,19642,20681,Scott County
VA,1019,13679,14698,Shannon County
IN,641,4356,4997,Shelby County
MS,1023,13800,14823,Stoddard County
VA,1003,7837,8840,Stone County
IN,1199,6349,7548,Sullivan County
IN,1593,6568,8161,Taney County
MN,3558,8949,12507,Texas County
MN,829,3218,4047,Vernon County
MS,3294,21408,24702,Warren County
IN,3343,8611,11954,Washington County
MN,5308,10992,16300,Wayne County
MN,2579,5261,7840,Webster County
MS,5044,23451,28495,Worth County
IN,3355,21030,24385,Wright County
MN,5320,23411,28731,St. Louis city
MN,2591,17680,20271,Beaverhead County
MS,5056,35870,40926,Big Horn County
IN,6149,15015,21164,Blaine County
MS,3301,11895,15196,Broadwater County
IN,3299,12385,15684,Carbon County
MS,451,9265,9716,Carter County
IN,796,3624,4420,Cascade County
IN,761,4524,5285,Chouteau County
IN,806,4462,5268,Custer County
IA,180,1157,1337,Daniels County
IA,142,718,860,Dawson County
OH,1356,5847,7203,Deer Lodge County
IA,1343,5833,7176,Fallon County
OH,2557,10962,13519,Fergus County
IA,500,2434,2934,Flathead County
IA,1059,3401,4460,Gallatin County
IA,120,735,855,Garfield County
IA,733,3606,4339,Glacier County
IA,8960,25062,34022,Golden Valley County
IA,980,4104,5084,Granite County
IA,383,1938,2321,Hill County
IA,606,2699,3305,Jefferson County
IA,973,3582,4555,Judith Basin County
IA,391,2102,2493,Lake County
OH,6384,38585,44969,Lewis and Clark County
IA,6184,35881,42065,Liberty County
OH,12177,72364,84541,Lincoln County
IA,229,1467,1696,McCone County
IA,579,2385,2964,Madison County
OH,770,4681,5451,Meagher County
IA,719,4549,5268,Mineral County
OH,910,6845,7755,Missoula County
IA,576,2857,3433,Musselshell County
IA,426,2139,2565,Park County
IA,1810,9629,11439,Petroleum County
IA,278,1511,1789,Phillips County
IA,246,1396,1642,Pondera County
IA,398,2395,2793,Powder River County
IA,799,2685,3484,Powell County
IA,466,1980,2446,Prairie County
IA,3587,11816,15403,Ravalli County
OH,2755,10875,13630,Richland County
IA,2664,11032,13696,Roosevelt County
OH,1832,10091,11923,Rosebud County
IA,661,2950,3611,Sanders County
OH,1638,7677,9315,Sheridan County
IA,1631,7534,9165,Silver Bow County
OH,2608,12261,14869,Stillwater County
IA,1228,6285,7513,Sweet Grass County
IA,384,1060,1444,Teton County
IA,532,2442,2974,Toole County
IA,730,2294,3024,Treasure County
IA,2902,11910,14812,Valley County
IA,439,1677,2116,Wheatland County
IA,4613,14479,19092,Wibaux County
IA,364,1623,1987,Yellowstone County
IA,1081,3908,4989,Adams County
OH,1475,5990,7465,Antelope County
IA,1359,5649,7008,Arthur County
OH,1753,7731,9484,Banner County
IA,587,3019,3606,Blaine County
IA,249,1710,1959,Boone County
IA,337,1412,1749,Box Butte County
IA,382,1700,2082,Boyd County
OH,2430,10937,13367,Brown County
IA,2396,10705,13101,Buffalo County
OH,4444,19942,24386,Burt County
IA,162,867,1029,Butler County
IA,267,1426,1693,Cass County
IA,514,2562,3076,Cedar County
IA,186,1574,1760,Chase County
OH,1122,6917,8039,Cherry County
IA,1039,6775,7814,Cheyenne County
OH,1975,12118,14093,Clay County
IA,586,2976,3562,Colfax County
OH,738,4411,5149,Cuming County
IA,793,4325,5118,Custer County
OH,945,5760,6705,Dakota County
IA,583,2430,3013,Dawes County
OH,932,3340,4272,Dawson County
IA,849,3300,4149,Deuel County
OH,1198,4210,5408,Dixon County
IA,1045,4424,5469,Dodge County
OH,784,4496,5280,Douglas County
IA,798,4635,5433,Dundy County
OH,537,4707,5244,Fillmore County
IA,321,1424,1745,Franklin County
IA,619,1150,1769,Frontier County
IA,117,1082,1199,Furnas County
IA,342,1743,2085,Gage County
IA,980,3354,4334,Garden County
OH,2123,7247,9370,Garfield County
IA,2128,7079,9207,Gosper County
OH,3271,10972,14243,Grant County
IA,1751,6552,8303,Greeley County
IA,914,3592,4506,Hall County
OH,3344,10540,13884,Hamilton County
IA,3258,10344,13602,Harlan County
OH,5688,17292,22980,Hayes County
IA,4230,14653,18883,Hitchcock County
IA,581,2786,3367,Holt County
IA,473,2041,2514,Hooker County
IA,462,1774,2236,Howard County
IA,2595,8816,11411,Jefferson County
IA,8438,37268,45706,Johnson County
IA,358,2148,2506,Kearney County
IA,467,2359,2826,Keith County
OH,22782,63249,86031,Keya Paha County
IA,22580,61029,83609,Kimball County
OH,44895,121919,166814,Knox County
IA,164,1086,1250,Lancaster County
IA,286,2138,2424,Lincoln County
OH,957,5045,6002,Logan County
IA,895,4935,5830,Loup County
OH,1566,7842,9408,McPherson County
IA,1758,4777,6535,Madison County
IA,1059,4461,5520,Merrick County
IA,1797,10306,12103,Morrill County
IA,358,2379,2737,Nance County
IA,116,947,1063,Nemaha County
IA,266,1659,1925,Nuckolls County
IA,409,1448,1857,Otoe County
OH,718,2366,3084,Pawnee County
WI,617,5348,5965,Perkins County
IA,656,2437,3093,Phelps County
OH,965,3355,4320,Pierce County
WI,864,6337,7201,Platte County
IA,526,5668,6194,Polk County
OH,835,6586,7421,Red Willow County
WI,734,9568,10302,Richardson County
IA,618,2907,3525,Rock County
OH,18072,65752,83824,Saline County
IA,17907,62220,80127,Sarpy County
OH,35361,125065,160426,Saunders County
IA,2353,10304,12657,Scotts Bluff County
IA,419,1835,2254,Seward County
IA,122,519,641,Sheridan County
IA,711,3523,4234,Sherman County
IA,290,1082,1372,Sioux County
IA,357,2278,2635,Stanton County
IA,335,1309,1644,Thayer County
IA,22485,87881,110366,Thomas County
IA,6025,21770,27795,Thurston County
IA,918,2291,3209,Valley County
IA,225,843,1068,Washington County
IA,251,1128,1379,Wayne County
IA,12060,41182,53242,Webster County
IA,329,1727,2056,Wheeler County
OH,827,5205,6032,York County
IA,765,5166,5931,Churchill County
OH,1263,8644,9907,Clark County
IA,463,1941,2404,Douglas County
IA,2240,9590,11830,Elko County
IA,540,2700,3240,Esmeralda County
IA,209,1036,1245,Eureka County
IA,679,3054,3733,Humboldt County
OH,939,4685,5624,Lander County
IA,934,4457,5391,Lincoln County
OH,1194,6088,7282,Lyon County
IA,319,1356,1675,Mineral County
IA,3037,10779,13816,Nye County
IA,943,5669,6612,Pershing County
IA,881,3284,4165,Storey County
OH,1965,7413,9378,Washoe County
IA,1997,7475,9472,White Pine County
OH,3081,11604,14685,Carson City
IA,326,1228,1554,Belknap County
OH,2475,10545,13020,Carroll County
IA,2366,9922,12288,Cheshire County
OH,4515,19239,23754,Coos County
IA,2107,8675,10782,Grafton County
IA,272,1728,2000,Hillsborough County
IA,506,1933,2439,Merrimack County
IA,4750,26734,31484,Rockingham County
IA,185,934,1119,Strafford County
IA,514,2328,2842,Sullivan County
KS,1431,2330,3761,Atlantic County
KY,716,4866,5582,Bergen County
KS,761,4710,5471,Burlington County
KY,46,7246,7292,Camden County
KS,551,1197,1748,Cape May County
KY,283,3518,3801,Cumberland County
SC,2308,31293,33601,Essex County
TN,1970,13707,15677,Gloucester County
KS,307,3269,3576,Hudson County
KY,39,5590,5629,Hunterdon County
SC,2064,33365,35429,Mercer County
TN,1726,15779,17505,Middlesex County
KS,2379,30154,32533,Monmouth County
KY,2111,32475,34586,Morris County
SC,4136,60250,64386,Ocean County
TN,3798,42664,46462,Passaic County
KS,1911,13123,15034,Salem County
KY,1643,15444,17087,Somerset County
SC,3668,43219,46887,Sussex County
TN,3330,25633,28963,Union County
KS,1498,3323,4821,Warren County
KS,182,417,599,Bernalillo County
KS,1520,4602,6122,Catron County
KS,1802,3289,5091,Chaves County
KY,1007,5008,6015,Cibola County
KS,1053,4888,5941,Colfax County
KY,258,6607,6865,Curry County
KS,2236,7707,9943,De Baca County
KY,1138,6357,7495,Dona Ana County
KS,1243,6811,8054,Eddy County
KY,145,5461,5606,Grant County
KS,89,324,413,Guadalupe County
KS,251,552,803,Harding County
KS,65,175,240,Hidalgo County
KS,523,1096,1619,Lea County
KS,423,1101,1524,Lincoln County
KS,25,138,163,Los Alamos County
KS,2515,6995,9510,Luna County
KS,98,236,334,McKinley County
TN,355,2481,2836,Mora County
KS,384,2535,2919,Otero County
TN,641,4780,5421,Quay County
KS,657,1818,2475,Rio Arriba County
KS,279,978,1257,Roosevelt County
KS,127,502,629,Sandoval County
KS,951,2633,3584,San Juan County
KS,131,462,593,San Miguel County
KS,2110,6700,8810,Santa Fe County
KS,1606,4253,5859,Sierra County
KS,33,143,176,Socorro County
KS,288,929,1217,Taos County
KY,236,5928,6164,Torrance County
KS,238,5817,6055,Union County
KY,186,10816,11002,Valencia County
KS,111,354,465,Albany County
KS,19,66,85,Allegany County
KS,458,1263,1721,Bronx County
KS,184,770,954,Broome County
KS,1341,4803,6144,Cattaraugus County
KS,51,341,392,Cayuga County
KS,45,163,208,Chautauqua County
KS,81,280,361,Chemung County
KS,148,424,572,Chenango County
KS,264,828,1092,Clinton County
KS,106,219,325,Columbia County
KS,2200,4060,6260,Cortland County
KS,50,89,139,Delaware County
KS,2673,7731,10404,Dutchess County
KS,118,261,379,Erie County
KY,164,5855,6019,Essex County
NC,2043,8608,10651,Franklin County
TN,924,6078,7002,Fulton County
KS,161,5679,5840,Genesee County
KY,207,11273,11480,Greene County
NC,2086,14026,16112,Hamilton County
TN,967,11496,12463,Herkimer County
KS,746,9575,10321,Jefferson County
KY,792,15169,15961,Kings County
NC,2671,17922,20593,Lewis County
TN,1552,15392,16944,Livingston County
KS,1003,5618,6621,Madison County
KY,1049,11212,12261,Monroe County
NC,2928,13965,16893,Montgomery County
TN,1809,11435,13244,Nassau County
KS,632,1497,2129,New York County
KS,1876,6780,8656,Niagara County
KY,916,4029,4945,Oneida County
KS,980,4364,5344,Onondaga County
KY,20,1613,1633,Ontario County
KS,772,2799,3571,Orange County
KS,120,404,524,Orleans County
KY,86,3559,3645,Oswego County
KS,79,3529,3608,Otsego County
KY,45,6684,6729,Putnam County
KS,1261,3665,4926,Queens County
KS,191,580,771,Rensselaer County
NJ,3945,7684,11629,Richmond County
KS,3852,6007,9859,Rockland County
NJ,7606,13111,20717,St. Lawrence County
KS,88,388,476,Saratoga County
KS,196,557,753,Schenectady County
KS,1474,3006,4480,Schoharie County
KS,81,283,364,Schuyler County
KS,181,464,645,Seneca County
KS,879,2377,3256,Steuben County
KS,152,425,577,Suffolk County
KS,176,472,648,Sullivan County
KS,206,728,934,Tioga County
KS,179,521,700,Tompkins County
KS,553,1758,2311,Ulster County
KS,336,1266,1602,Warren County
KS,49,154,203,Washington County
KS,4238,10599,14837,Wayne County
KS,169,402,571,Westchester County
KS,501,1134,1635,Wyoming County
KS,1580,3982,5562,Yates County
KS,207,567,774,Alamance County
KS,201,380,581,Alexander County
KS,435,806,1241,Alleghany County
KY,303,4839,5142,Anson County
KS,318,4843,5161,Ashe County
KY,186,8876,9062,Avery County
KS,36458,99337,135795,Beaufort County
KS,1389,3916,5305,Bertie County
KS,15537,30236,45773,Bladen County
KS,46,78,124,Brunswick County
KS,426,843,1269,Buncombe County
KS,109,373,482,Burke County
TN,409,3753,4162,Cabarrus County
KS,391,3710,4101,Caldwell County
TN,691,7090,7781,Camden County
KS,117,577,694,Carteret County
KS,44,249,293,Caswell County
KS,107,551,658,Catawba County
KS,1094,3533,4627,Chatham County
TN,3183,21069,24252,Cherokee County
KS,3137,20452,23589,Chowan County
TN,5226,37988,43214,Clay County
KS,217,701,918,Cleveland County
KS,92,177,269,Columbus County
KS,136,562,698,Craven County
KS,39,89,128,Cumberland County
KS,43,198,241,Currituck County
KS,735,1642,2377,Dare County
NC,3656,12680,16336,Davidson County
KS,1920,13183,15103,Davie County
NC,4841,24221,29062,Duplin County
KS,294,587,881,Durham County
KS,19694,38834,58528,Edgecombe County
KY,110,6739,6849,Forsyth County
KY,60,2394,2454,Franklin County
KY,448,15404,15852,Gaston County
KY,100,6820,6920,Gates County
KY,303,20339,20642,Graham County
KY,745,18760,19505,Granville County
KY,177,8775,8952,Greene County
KY,175,3389,3564,Guilford County
KY,367,10781,11148,Halifax County
KY,102,7868,7970,Harnett County
KY,328,16676,17004,Haywood County
KY,71,4514,4585,Henderson County
NC,2094,15257,17351,Hertford County
KY,655,16151,16806,Hoke County
NC,2678,26894,29572,Hyde County
KY,150,7660,7810,Iredell County
KY,646,19846,20492,Jackson County
TN,1982,20853,22835,Johnston County
KY,2027,20984,23011,Jones County
TN,3363,21991,25354,Lee County
KY,18,1636,1654,Lenoir County
KY,263,14510,14773,Lincoln County
TN,1393,17819,19212,McDowell County
KY,1434,17477,18911,Macon County
TN,2564,20786,23350,Madison County
KY,32,7761,7793,Martin County
KY,34,2565,2599,Mecklenburg County
KY,1188,28525,29713,Mitchell County
KY,94,4614,4708,Montgomery County
KY,129,4321,4450,Moore County
KY,167,9743,9910,Nash County
KY,83,5957,6040,New Hanover County
KY,86,6145,6231,Northampton County
KY,89,12284,12373,Onslow County
KY,79,11647,11726,Orange County
KY,121,4373,4494,Pamlico County
KY,76,12313,12389,Pasquotank County
KY,432,19060,19492,Pender County
KY,124,7131,7255,Perquimans County
KY,45,1648,1693,Person County
TN,712,6351,7063,Pitt County
KY,724,6256,6980,Polk County
TN,1391,10959,12350,Randolph County
KY,586,16948,17534,Richmond County
KY,487,13749,14236,Robeson County
KY,1987,41114,43101,Rockingham County
KY,132,10221,10353,Rowan County
KY,146,5133,5279,Rutherford County
KY,302,28415,28717,Sampson County
KY,312,7351,7663,Scotland County
KY,433,14303,14736,Stanly County
KY,195,8197,8392,Stokes County
TN,503,6841,7344,Surry County
KY,460,7002,7462,Swain County
TN,768,5646,6414,Transylvania County
KY,747,19943,20690,Tyrrell County
KY,212,12992,13204,Union County
KY,210,10091,10301,Vance County
KY,98,8628,8726,Wake County
NC,1056,8383,9439,Warren County
KY,804,8415,9219,Washington County
NC,1762,8170,9932,Watauga County
KY,128,3746,3874,Wayne County
KY,125,4798,4923,Wilkes County
KY,264,11579,11843,Wilson County
KY,319,12952,13271,Yadkin County
KY,73,3263,3336,Yancey County
KY,212,9113,9325,Adams County
KY,109,5061,5170,Barnes County
KY,33,4269,4302,Benson County
KY,274,4521,4795,Billings County
KY,72,5215,5287,Bottineau County
KY,69,8308,8377,Bowman County
KY,10,1028,1038,Burke County
TN,1047,10877,11924,Burleigh County
KY,1050,10355,11405,Cass County
TN,2087,20204,22291,Cavalier County
KY,56,9184,9240,Dickey County
KY,248,9502,9750,Divide County
NC,4351,22067,26418,Dunn County
KY,1731,23610,25341,Eddy County
NC,5834,36175,42009,Emmons County
KY,59,6091,6150,Foster County
KY,51,3386,3437,Golden Valley County
KY,288,9185,9473,Grand Forks County
KY,109,4643,4752,Grant County
KY,33,3784,3817,Griggs County
KY,47,3074,3121,Hettinger County
KY,57,23341,23398,Kidder County
KY,177,5884,6061,LaMoure County
LA,2467,23892,26359,Logan County
LA,823,8818,9641,McHenry County
LA,1358,22844,24202,McIntosh County
LA,890,8913,9803,McKenzie County
LA,2902,19884,22786,McLean County
LA,829,9264,10093,Mercer County
LA,742,6407,7149,Morton County
LA,2027,26972,28999,Mountrail County
LA,9250,97847,107097,Nelson County
LA,4722,60383,65105,Oliver County
LA,597,4157,4754,Pembina County
LA,50,702,752,Pierce County
LA,558,4494,5052,Ramsey County
LA,901,6613,7514,Ransom County
LA,1209,9884,11093,Renville County
LA,1105,9762,10867,Richland County
LA,10903,138191,149094,Rolette County
LA,833,5939,6772,Sargent County
LA,838,6526,7364,Sheridan County
LA,2551,15320,17871,Sioux County
LA,1102,10788,11890,Slope County
LA,761,8380,9141,Stark County
LA,2793,32349,35142,Steele County
LA,1231,15269,16500,Stutsman County
LA,574,5182,5756,Towner County
LA,9722,100133,109855,Traill County
LA,916,9787,10703,Walsh County
LA,4759,52972,57731,Ward County
LA,2336,27461,29797,Wells County
LA,391,4076,4467,Williams County
LA,1457,15011,16468,Adams County
LA,1835,33594,35429,Allen County
LA,896,7431,8327,Ashland County
LA,2046,16535,18581,Ashtabula County
LA,2289,18603,20892,Athens County
LA,17635,149890,167525,Auglaize County
LA,6015,63609,69624,Belmont County
LA,428,5984,6412,Brown County
LA,1008,7645,8653,Butler County
LA,5393,47410,52803,Carroll County
LA,420,4052,4472,Champaign County
LA,929,10182,11111,Clark County
LA,955,9186,10141,Clermont County
LA,837,14098,14935,Clinton County
LA,711,13725,14436,Columbiana County
LA,685,6299,6984,Coshocton County
LA,599,7677,8276,Crawford County
LA,1174,18390,19564,Cuyahoga County
LA,5486,41107,46593,Darke County
LA,1715,19062,20777,Defiance County
LA,2125,23191,25316,Delaware County
LA,2944,40593,43537,Erie County
LA,4616,53416,58032,Fairfield County
LA,423,3446,3869,Fayette County
LA,2719,36456,39175,Franklin County
LA,742,7954,8696,Fulton County
LA,1498,17890,19388,Gallia County
LA,1002,12030,13032,Geauga County
LA,2960,22467,25427,Greene County
LA,1623,16682,18305,Guernsey County
LA,547,7434,7981,Hamilton County
LA,519,5018,5537,Hancock County
LA,307,2413,2720,Hardin County
LA,685,6388,7073,Harrison County
ME,338232,123526,461758,Henry County
MD,3645,20378,24023,Highland County
MD,9490,46976,56466,Hocking County
MD,20558,114073,134631,Holmes County
MD,1557,13217,14774,Huron County
MD,1490,8601,10091,Jackson County
MD,2282,14708,16990,Jefferson County
MD,3808,20124,23932,Knox County
MD,2589,20909,23498,Lake County
MD,2394,12380,14774,Lawrence County
MD,3572,23227,26799,Licking County
MD,1031,6792,7823,Logan County
MD,5251,28920,34171,Lorain County
MD,3906,19192,23098,Lucas County
MD,634,4230,4864,Madison County
MD,16173,73564,89737,Mahoning County
MD,22143,137738,159881,Marion County
MD,800,6010,6810,Medina County
MD,4078,16886,20964,Meigs County
MD,1410,7936,9346,Mercer County
MD,735,5329,6064,Miami County
MD,4958,30591,35549,Monroe County
MD,4577,26366,30943,Montgomery County
MD,833,10329,11162,Morgan County
MD,97048,246701,343749,Morrow County
MA,471572,1037375,1508947,Muskingum County
MI,487,2928,3415,Noble County
MI,347,2078,2425,Ottawa County
MI,4204,27775,31979,Paulding County
MI,2683,9358,12041,Perry County
MI,786,6529,7315,Pickaway County
MI,1243,5748,6991,Pike County
MI,462,2119,2581,Portage County
MI,2088,14750,16838,Preble County
MI,7747,31798,39545,Putnam County
MI,561,4483,5044,Richland County
MI,14266,46560,60826,Ross County
MI,3108,13464,16572,Sandusky County
MI,15324,49246,64570,Scioto County
MI,3094,16471,19565,Seneca County
MN,2689,10891,13580,Shelby County
MN,1547,8023,9570,Stark County
MI,2706,11088,13794,Summit County
MN,2301,5508,7809,Trumbull County
MN,1159,2640,3799,Tuscarawas County
MI,750,6535,7285,Union County
MI,1300,8785,10085,Van Wert County
MI,2003,9678,11681,Vinton County
WI,1477,11770,13247,Warren County
MI,1517,12452,13969,Washington County
WI,991,14544,15535,Wayne County
MI,3443,12825,16268,Williams County
MI,1375,11916,13291,Wood County
MI,704,4912,5616,Wyandot County
MI,861,6119,6980,Adair County
MI,3001,23202,26203,Alfalfa County
MI,914,8393,9307,Atoka County
MI,61538,153470,215008,Beaver County
MI,1896,8539,10435,Beckham County
MI,1681,4430,6111,Blaine County
MI,2509,21467,23976,Bryan County
MI,2234,12350,14584,Caddo County
MI,3142,13579,16721,Canadian County
MI,1473,8833,10306,Carter County
MI,1542,8219,9761,Cherokee County
MI,19206,87994,107200,Choctaw County
MI,326,1286,1612,Cimarron County
MI,2981,17365,20346,Cleveland County
MI,1987,9964,11951,Coal County
MI,789,3077,3866,Comanche County
WI,482,2311,2793,Cotton County
MI,444,2346,2790,Craig County
WI,137,1580,1717,Creek County
MI,2795,25268,28063,Custer County
MI,12060,46940,59000,Delaware County
WI,6088,25013,31101,Dewey County
MI,6345,26291,32636,Ellis County
WI,373,4364,4737,Garfield County
MI,20319,70802,91121,Garvin County
MI,842,6897,7739,Grady County
MI,45306,158234,203540,Grant County
MI,67,480,547,Greer County
MI,3237,21605,24842,Harmon County
MI,276,3056,3332,Harper County
MI,4946,27219,32165,Haskell County
MI,2430,24486,26916,Hughes County
MI,552,1641,2193,Jackson County
MI,392,2402,2794,Jefferson County
MI,41663,193347,235010,Johnston County
MI,1741,6917,8658,Kay County
MI,2508,16263,18771,Kingfisher County
WI,1326,9624,10950,Kiowa County
MI,1388,10116,11504,Latimer County
WI,206,3477,3683,Le Flore County
MI,1748,9455,11203,Lincoln County
MI,2418,16995,19413,Logan County
MI,930,6536,7466,Love County
WI,528,4937,5465,McClain County
MI,512,5214,5726,McCurtain County
WI,110,3615,3725,McIntosh County
MI,3532,18539,22071,Major County
MI,666,4694,5360,Marshall County
MI,7448,31806,39254,Mayes County
MI,3290,22292,25582,Murray County
MI,661,3489,4150,Muskogee County
MI,26744,63725,90469,Noble County
MI,3379,17855,21234,Nowata County
MI,47253,189722,236975,Okfuskee County
MI,2504,10142,12646,Oklahoma County
MI,2183,8560,10743,Okmulgee County
MI,386,1686,2072,Osage County
MI,1592,8445,10037,Ottawa County
MI,621,3379,4000,Pawnee County
MI,1252,8411,9663,Payne County
MI,5614,49543,55157,Pittsburg County
MI,530,3055,3585,Pontotoc County
MI,2127,9741,11868,Pottawatomie County
MI,24915,67209,92124,Pushmataha County
MI,9963,49679,59642,Roger Mills County
MI,3714,21061,24775,Rogers County
MI,2293,15156,17449,Seminole County
MI,546,2182,2728,Sequoyah County
MI,4252,20996,25248,Stephens County
MI,2927,16954,19881,Texas County
MI,5024,27196,32220,Tillman County
MI,12665,62086,74751,Tulsa County
MI,282602,718159,1000761,Wagoner County
MI,2455,13188,15643,Washington County
MN,0,0,0,Washita County
MN,916,2590,3506,Woods County
MN,488,1249,1737,Woodward County
MN,14509,27752,42261,Baker County
MN,7265,13047,20312,Benton County
MN,2345,5435,7780,Clackamas County
MN,1167,2736,3903,Clatsop County
MN,9105,8157,17262,Columbia County
MN,4479,3958,8437,Coos County
MN,1662,3839,5501,Crook County
MN,792,1765,2557,Curry County
MN,203,410,613,Deschutes County
MN,2764,5718,8482,Douglas County
MN,1369,2761,4130,Gilliam County
MN,864,2138,3002,Grant County
MN,390,1002,1392,Harney County
MN,1416,3822,5238,Hood River County
MN,700,1839,2539,Jackson County
MN,1214,3849,5063,Jefferson County
MN,581,1804,2385,Josephine County
MN,494,1215,1709,Klamath County
MN,235,578,813,Lake County
MN,1011,4008,5019,Lane County
MN,529,1929,2458,Lincoln County
MN,585,1648,2233,Linn County
MN,182,356,538,Malheur County
MN,102,165,267,Marion County
MN,533,1115,1648,Morrow County
MN,2863,7975,10838,Multnomah County
MN,12067,24057,36124,Polk County
MN,5987,11426,17413,Sherman County
MN,602,1855,2457,Tillamook County
MN,1242,3756,4998,Umatilla County
MN,582,1817,2399,Union County
MN,532,1927,2459,Wallowa County
MN,272,869,1141,Wasco County
MN,569,2256,2825,Washington County
MN,283,1088,1371,Wheeler County
MN,1661,3369,5030,Yamhill County
MN,813,1615,2428,Adams County
MN,1383,3496,4879,Allegheny County
MN,215,722,937,Armstrong County
MN,72574,114837,187411,Beaver County
MN,50438,55360,105798,Bedford County
MN,50311,62223,112534,Berks County
MN,28175,2746,30921,Blair County
MN,672,1484,2156,Bradford County
MN,996,3044,4040,Bucks County
MN,1144,4336,5480,Butler County
MN,570,2131,2701,Cambria County
MN,2902,6652,9554,Cameron County
MN,1460,3122,4582,Carbon County
MN,893,2590,3483,Centre County
MN,460,1218,1678,Chester County
MN,2360,6494,8854,Clarion County
MN,90,262,352,Clearfield County
MN,732,1874,2606,Clinton County
MN,183,620,803,Columbia County
MN,93,303,396,Crawford County
MN,286,1063,1349,Cumberland County
MN,159,495,654,Dauphin County
MN,129,494,623,Delaware County
MN,741,2019,2760,Elk County
MN,358,980,1338,Erie County
MN,75,355,430,Fayette County
MS,327,6597,6924,Forest County
MN,326,6466,6792,Franklin County
MS,578,12708,13286,Fulton County
MN,1187,2450,3637,Greene County
MN,1147,3267,4414,Huntingdon County
MN,535,1550,2085,Indiana County
MN,1166,1623,2789,Jefferson County
MN,803,2648,3451,Juniata County
MN,744,2273,3017,Lackawanna County
MN,1060,3261,4321,Lancaster County
MN,515,1628,2143,Lawrence County
MN,1164,3483,4647,Lebanon County
MN,2297,5154,7451,Lehigh County
MN,1147,2462,3609,Luzerne County
MN,194,715,909,Lycoming County
MN,1451,2849,4300,McKean County
MN,706,1354,2060,Mercer County
MN,1302,2280,3582,Mifflin County
MN,436,919,1355,Monroe County
MN,7061,14487,21548,Montgomery County
MN,3475,6902,10377,Montour County
MN,2130,5833,7963,Northampton County
MN,1075,2810,3885,Northumberland County
MN,635,1869,2504,Perry County
MN,1738,4960,6698,Philadelphia County/city
MN,906,2383,3289,Pike County
MN,487,1021,1508,Potter County
MN,2040,4376,6416,Schuylkill County
MN,289,1091,1380,Snyder County
MN,66691,66029,132720,Somerset County
MN,33247,30330,63577,Sullivan County
MN,168,670,838,Susquehanna County
MN,591,1589,2180,Tioga County
MN,292,792,1084,Union County
MN,609,2077,2686,Venango County
MN,290,924,1214,Warren County
MN,2531,5349,7880,Washington County
MN,1213,2636,3849,Wayne County
MN,326,747,1073,Westmoreland County
MN,349,1194,1543,Wyoming County
MN,14762,25381,40143,York County
MN,7357,12347,19704,Bristol County
MN,2913,6840,9753,Kent County
MN,1404,3214,4618,Newport County
MN,1861,6360,8221,Providence County
MN,935,2996,3931,Washington County
MN,404,1347,1751,Abbeville County
MN,203,640,843,Aiken County
MN,6698,14791,21489,Allendale County
MN,3272,6972,10244,Anderson County
MN,1549,4660,6209,Bamberg County
MN,739,2214,2953,Barnwell County
MN,226,748,974,Beaufort County
MN,382,1031,1413,Berkeley County
MN,1048,3064,4112,Calhoun County
MN,544,1540,2084,Charleston County
MN,145,464,609,Cherokee County
MN,461,1617,2078,Chester County
MN,222,775,997,Chesterfield County
MN,1082,2346,3428,Clarendon County
MN,553,1130,1683,Colleton County
MN,613,2539,3152,Darlington County
MN,289,1234,1523,Dillon County
MN,348,1091,1439,Dorchester County
MN,275,829,1104,Edgefield County
MN,1654,4490,6144,Fairfield County
MN,2143,8386,10529,Florence County
MN,1053,4008,5061,Georgetown County
MN,336,754,1090,Greenville County
MN,816,5,821,Greenwood County
MN,394,2,396,Hampton County
MS,428,13434,13862,Horry County
MS,621,12301,12922,Jasper County
MS,179,4813,4992,Kershaw County
MS,438,7864,8302,Lancaster County
MS,128,4467,4595,Laurens County
MS,2219,21837,24056,Lee County
MS,266,5466,5732,Lexington County
MS,698,7318,8016,McCormick County
MS,180,3829,4009,Marion County
MS,260,6750,7010,Marlboro County
MS,148,6924,7072,Newberry County
MS,2164,18379,20543,Oconee County
MS,535,13637,14172,Orangeburg County
MS,248,7691,7939,Pickens County
MS,1394,28863,30257,Richland County
MS,985,26635,27620,Saluda County
MS,145,8094,8239,Spartanburg County
MS,393,8462,8855,Sumter County
MS,9685,110202,119887,Union County
MS,1679,14012,15691,Williamsburg County
MS,1797,7224,9021,York County
MS,75,661,736,Aurora County
MS,223,6608,6831,Beadle County
MS,243,5934,6177,Bennett County
MS,1354,21823,23177,Bon Homme County
MS,128,3987,4115,Brookings County
MS,150,8393,8543,Brown County
MS,244,13361,13605,Brule County
MS,1630,31872,33502,Buffalo County
MS,196,7861,8057,Butte County
MS,834,29980,30814,Campbell County
MS,872,21291,22163,Charles Mix County
MS,1954,23562,25516,Clark County
MS,696,13011,13707,Clay County
MS,153,4083,4236,Codington County
MS,391,12546,12937,Corson County
MS,748,8248,8996,Custer County
MS,742,13342,14084,Davison County
MS,867,15572,16439,Day County
MS,870,19940,20810,Deuel County
MS,199,4580,4779,Dewey County
MS,198,8522,8720,Douglas County
MS,288,8462,8750,Edmunds County
MS,363,6013,6376,Fall River County
MS,1048,25153,26201,Faulk County
MS,263,4031,4294,Grant County
MS,577,10202,10779,Gregory County
MS,119,5048,5167,Haakon County
MS,171,5674,5845,Hamlin County
MS,2243,18736,20979,Hand County
MS,415,7313,7728,Hanson County
MS,327,9834,10161,Harding County
MS,194,8123,8317,Hughes County
MS,183,5106,5289,Hutchinson County
MS,97,7775,7872,Hyde County
MS,436,5918,6354,Jackson County
MS,161,4091,4252,Jerauld County
MS,338,4879,5217,Jones County
MS,506,8799,9305,Kingsbury County
MS,227,6040,6267,Lake County
MS,1164,16594,17758,Lawrence County
MO,523621,1289636,1813257,Lincoln County
MT,118151,110834,228985,Lyman County
NE,69001,259568,328569,McCook County
NV,1025,4915,5940,McPherson County
NV,456,3921,4377,Marshall County
NV,749,5350,6099,Meade County
NV,8,40,48,Mellette County
NV,0,87,87,Miner County
NV,410,2134,2544,Minnehaha County
NV,124,637,761,Moody County
NV,838,7712,8550,Oglala Lakota County
NV,223,1119,1342,Pennington County
NV,1802,13616,15418,Perkins County
NV,68,732,800,Potter County
NV,14,120,134,Roberts County
NV,8676,68618,77294,Sanborn County
NV,183,1396,1579,Spink County
NV,1422,11703,13125,Stanley County
TX,606,5819,6425,Sully County
NV,839,6426,7265,Todd County
TX,23,542,565,Tripp County
NH,184909,25281,210190,Turner County
NJ,25334,30806,56140,Union County
NJ,24179,33409,57588,Walworth County
NJ,17048,23018,40066,Yankton County
NJ,7099,8900,15999,Ziebach County
NJ,114467,101464,215931,Anderson County
NJ,14861,18634,33495,Bedford County
NJ,72867,87997,160864,Benton County
NJ,2123,2350,4473,Bledsoe County
NJ,26436,38288,64724,Blount County
NJ,18600,27003,45603,Bradley County
NJ,20071,53244,73315,Campbell County
NJ,53650,91738,145388,Cannon County
NJ,6548,7331,13879,Carroll County
NJ,6519,10258,16777,Carter County
NJ,3344,4879,8223,Cheatham County
NM,15053,194856,209909,Chester County
NM,64,752,816,Claiborne County
NM,2132,24305,26437,Clay County
NM,746,11608,12354,Cocke County
NM,226,3451,3677,Coffee County
NM,1740,15433,17173,Crockett County
NM,55,547,602,Cumberland County
NM,7879,87596,95475,Davidson County
NM,2043,16929,18972,Decatur County
NM,153,1571,1724,DeKalb County
TX,200,15836,16036,Dickson County
NM,256,15308,15564,Dyer County
TX,303,29573,29876,Fayette County
NM,15,39,54,Fentress County
NM,213,1859,2072,Franklin County
TX,4004,249185,253189,Gibson County
NM,3957,242528,246485,Giles County
TX,7748,489854,497602,Grainger County
NM,1865,18657,20522,Greene County
NM,49,502,551,Grundy County
NM,1144,13063,14207,Hamblen County
NM,224,5874,6098,Hamilton County
NM,82,1242,1324,Hancock County
NM,1069,15375,16444,Hardeman County
NM,339,3575,3914,Hardin County
NM,1460,17389,18849,Hawkins County
NM,206,6128,6334,Haywood County
NM,2248,32231,34479,Henderson County
NM,359,37417,37776,Henry County
NM,1005,12146,13151,Hickman County
NM,1963,30003,31966,Houston County
NM,406,4675,5081,Humphreys County
NM,598,5891,6489,Jackson County
NM,552,9787,10339,Jefferson County
NM,875,8460,9335,Johnson County
NM,2218,28721,30939,Knox County
NM,14,5382,5396,Lake County
NY,1880249,3679731,5559980,Lauderdale County
NC,5386,35840,41226,Lawrence County
NC,486,2669,3155,Lewis County
NC,2019,10198,12217,Lincoln County
NC,1299,6313,7612,Loudon County
NC,595,3850,4445,McMinn County
NC,3070,13271,16341,McNairy County
NC,1979,8268,10247,Macon County
NC,3354,11244,14598,Madison County
NC,3906,22792,26698,Marion County
NC,8456,55231,63687,Marshall County
NC,5105,38330,43435,Maury County
NC,2134,13212,15346,Meigs County
NC,1337,7760,9097,Monroe County
NC,5868,43120,48988,Montgomery County
NC,882,5303,6185,Moore County
NC,548,3349,3897,Morgan County
NC,6746,35846,42592,Obion County
NC,5358,19760,25118,Overton County
NC,4839,21566,26405,Perry County
NC,19902,92994,112896,Pickett County
NC,503,3831,4334,Polk County
NC,737,4590,5327,Putnam County
NC,6176,45854,52030,Rhea County
NC,1121,8266,9387,Roane County
NC,3218,13230,16448,Robertson County
NC,10074,57244,67318,Rutherford County
NC,6341,24680,31021,Scott County
NC,9997,66694,76691,Sequatchie County
NC,538,2658,3196,Sevier County
NC,384,2501,2885,Shelby County
NC,2532,11166,13698,Smith County
NC,23427,119155,142582,Stewart County
NC,6192,24379,30571,Sullivan County
NC,5283,30347,35630,Sumner County
NC,3285,14762,18047,Tipton County
TN,2120,12720,14840,Trousdale County
NC,3004,11933,14937,Unicoi County
TN,1839,9891,11730,Union County
NC,2321,9136,11457,Van Buren County
NC,2507,14274,16781,Warren County
NC,391,1438,1829,Washington County
NC,3935,26977,30912,Wayne County
NC,7054,39242,46296,Weakley County
NC,555,3422,3977,White County
NC,2178,15484,17662,Williamson County
NC,4355,21200,25555,Wilson County
NC,2325,12185,14510,Anderson County
NC,1268,9341,10609,Andrews County
NC,1088,6083,7171,Angelina County
NC,53940,200179,254119,Aransas County
NC,1689,8167,9856,Archer County
NC,2457,15874,18331,Armstrong County
TN,827,9092,9919,Atascosa County
NC,1852,8347,10199,Austin County
TN,222,1565,1787,Bailey County
NC,5448,25095,30543,Bandera County
NC,8617,35295,43912,Bastrop County
NC,2529,8618,11147,Baylor County
NC,5227,24985,30212,Bee County
NC,3435,15437,18872,Bell County
NC,607,3096,3703,Bexar County
NC,2229,10865,13094,Blanco County
NC,2186,12640,14826,Borden County
NC,695,4061,4756,Bosque County
NC,2308,10863,13171,Bowie County
NC,8576,44228,52804,Brazoria County
NC,542,4211,4753,Brazos County
TN,506,5785,6291,Brewster County
NC,744,5445,6189,Briscoe County
TN,708,7019,7727,Brooks County
NC,4057,18415,22472,Brown County
VA,1698,10680,12378,Burleson County
NC,2739,10040,12779,Burnet County
VA,380,2305,2685,Caldwell County
NC,12693,62274,74967,Calhoun County
NC,5590,23786,29376,Callahan County
NC,3615,22029,25644,Cameron County
TN,4188,45283,49471,Camp County
NC,5570,42489,48059,Carson County
TN,6143,65743,71886,Cass County
NC,4921,19401,24322,Castro County
NC,4073,16092,20165,Chambers County
NC,2461,15197,17658,Cherokee County
NC,1809,8904,10713,Childress County
NC,3566,20994,24560,Clay County
NC,705,4968,5673,Cochran County
NC,1231,7838,9069,Coke County
NC,227,1533,1760,Coleman County
NC,4857,21324,26181,Collin County
NC,22766,112212,134978,Collingsworth County
NC,1626,7448,9074,Colorado County
NC,867,5609,6476,Comal County
NC,1152,8749,9901,Comanche County
NC,913,5913,6826,Concho County
ND,190,15,205,Cooke County
ND,1657,187,1844,Coryell County
ND,3737,371,4108,Cottle County
ND,905,128,1033,Crane County
ND,247,44,291,Crockett County
ND,164,21,185,Crosby County
ND,9726,1742,11468,Culberson County
ND,19788,3136,22924,Dallam County
ND,406,55,461,Dallas County
ND,671,87,758,Dawson County
ND,217,28,245,Deaf Smith County
ND,287,34,321,Delta County
ND,323,59,382,Denton County
ND,297,65,362,DeWitt County
ND,314,26,340,Dickens County
ND,286,10,296,Dimmit County
ND,10438,1269,11707,Donley County
ND,374,64,438,Duval County
ND,292,51,343,Eastland County
ND,237,31,268,Ector County
ND,276,47,323,Edwards County
ND,401,54,455,Ellis County
ND,179,10,189,El Paso County
ND,727,90,817,Erath County
ND,266,47,313,Falls County
ND,1139,79,1218,Fannin County
ND,907,131,1038,Fayette County
ND,784,116,900,Fisher County
ND,4407,698,5105,Floyd County
ND,1223,128,1351,Foard County
ND,371,46,417,Fort Bend County
ND,131,25,156,Franklin County
ND,814,120,934,Freestone County
ND,605,137,742,Frio County
ND,2431,378,2809,Gaines County
ND,709,96,805,Galveston County
ND,237,29,266,Garza County
ND,2590,267,2857,Gillespie County
ND,10013,1675,11688,Glasscock County
ND,308,31,339,Goliad County
ND,316,48,364,Gonzales County
ND,3370,467,3837,Gray County
ND,3275,533,3808,Grayson County
ND,199,8,207,Gregg County
ND,3311,677,3988,Grimes County
ND,250,29,279,Guadalupe County
ND,1188,105,1293,Hale County
ND,1952,183,2135,Hall County
ND,9034,1298,10332,Hamilton County
ND,522,122,644,Hansford County
ND,2229,365,2594,Hardeman County
OH,4743,24096,28839,Hardin County
OH,1260,9709,10969,Harris County
OH,8462,29690,38152,Harrison County
OH,4985,14602,19587,Hartley County
OH,952,7188,8140,Haskell County
OH,4391,14800,19191,Hays County
OH,1828,11568,13396,Hemphill County
OH,1666,7961,9627,Henderson County
OH,5405,32191,37596,Hidalgo County
OH,6211,27326,33537,Hill County
OH,2041,10679,12720,Hockley County
OH,69295,361041,430336,Hood County
OH,34494,197215,231709,Hopkins County
OH,34801,208164,242965,Houston County
OH,0,44338,44338,Howard County
OH,1256,7825,9081,Hudspeth County
OH,1274,8817,10091,Hunt County
OH,2995,11829,14824,Hutchinson County
OH,3359,17074,20433,Irion County
OH,4976,28949,33925,Jack County
OH,911,6711,7622,Jackson County
OH,3689,9376,13065,Jasper County
OH,1179,5363,6542,Jeff Davis County
OH,2665,12792,15457,Jefferson County
OH,45228,190031,235259,Jim Hogg County
OH,2797,14085,16882,Jim Wells County
OH,2149,8633,10782,Johnson County
OH,426,3402,3828,Jones County
OH,2162,14139,16301,Karnes County
OH,2741,11908,14649,Kaufman County
OH,7396,30976,38372,Kendall County
OH,7295,19227,26522,Kenedy County
OH,6897,32840,39737,Kent County
OH,1800,11788,13588,Kerr County
OH,16240,61288,77528,Kimble County
OH,21658,64411,86069,King County
OH,3551,18770,22321,Kinney County
OH,3110,15841,18951,Kleberg County
OH,2566,7993,10559,Knox County
OH,942,4955,5897,Lamar County
OH,2775,14225,17000,Lamb County
OH,1052,3879,4931,Lampasas County
OH,1585,8056,9641,La Salle County
OH,6717,30359,37076,Lavaca County
OH,559,2422,2981,Lee County
OH,1337,6096,7433,Leon County
OH,814,4326,5140,Liberty County
OH,2775,11478,14253,Limestone County
OH,3147,12470,15617,Lipscomb County
OH,2847,11534,14381,Live Oak County
OH,5014,25922,30936,Llano County
OH,1613,7640,9253,Loving County
OH,598,4213,4811,Lubbock County
OH,6734,31083,37817,Lynn County
OH,5737,24533,30270,McCulloch County
OH,1936,11424,13360,McLennan County
OH,9520,28174,37694,McMullen County
OH,1884,14096,15980,Madison County
OH,21631,83222,104853,Marion County
OH,36784,117363,154147,Martin County
OH,11801,48009,59810,Mason County
OH,4365,20990,25355,Matagorda County
OH,812,5196,6008,Maverick County
OH,1405,5997,7402,Medina County
OH,2929,15654,18583,Menard County
OH,1441,8514,9955,Midland County
OH,2618,13017,15635,Milam County
OH,536,3259,3795,Mills County
OK,240,12941,13181,Mitchell County
OK,2,1040,1042,Montague County
OK,92,5513,5605,Montgomery County
OK,7,746,753,Moore County
OK,227,7030,7257,Morris County
OK,117,3978,4095,Motley County
OK,194,12590,12784,Nacogdoches County
OK,336,11280,11616,Navarro County
OK,580,19119,19699,Newton County
OK,242,16720,16962,Nolan County
OK,263,15035,15298,Nueces County
TX,289,16617,16906,Ochiltree County
OK,250,17010,17260,Oldham County
TX,276,18592,18868,Orange County
OK,257,8155,8412,Palo Pinto County
OK,26,612,638,Panola County
OK,21,2046,2067,Parker County
OK,459,35241,35700,Parmer County
TX,274,19270,19544,Pecos County
OK,260,20233,20493,Polk County
TX,75,4262,4337,Potter County
OK,26,1689,1715,Presidio County
OK,85,5790,5875,Rains County
OK,190,23332,23522,Randall County
OK,61,7435,7496,Reagan County
OK,336,14973,15309,Real County
OK,0,667,667,Red River County
OK,3,789,792,Reeves County
TX,228,17472,17700,Refugio County
OK,266,15902,16168,Roberts County
TX,491,32585,33076,Robertson County
OK,146,20495,20641,Rockwall County
OK,63,9106,9169,Runnels County
OK,251,15795,16046,Rusk County
OK,44,2284,2328,Sabine County
OK,15,1247,1262,San Augustine County
OK,0,616,616,San Jacinto County
OK,242,5734,5976,San Patricio County
TX,161,3703,3864,San Saba County
OK,125,4115,4240,Schleicher County
TX,44,2084,2128,Scurry County
OK,54,4839,4893,Shackelford County
OK,48,4792,4840,Shelby County
OK,236,19158,19394,Sherman County
OK,61,2911,2972,Smith County
OK,103,3653,3756,Somervell County
OK,39,3955,3994,Starr County
OK,468,21344,21812,Stephens County
OK,77,3290,3367,Sterling County
OK,60,7315,7375,Stonewall County
OK,333,18375,18708,Sutton County
OK,113,8527,8640,Swisher County
OK,16,1170,1186,Tarrant County
OK,92,4727,4819,Taylor County
OK,111,14429,14540,Terrell County
OK,38,3868,3906,Terry County
OK,593,30351,30944,Throckmorton County
OK,29,3009,3038,Titus County
OK,42,3532,3574,Tom Green County
OK,108,4454,4562,Travis County
OK,6971,237658,244629,Trinity County
OK,158,19408,19566,Tyler County
OK,65,10699,10764,Upshur County
OK,51,13004,13055,Upton County
OK,39,5472,5511,Uvalde County
OK,189,16794,16983,Val Verde County
OK,172,12726,12898,Van Zandt County
OK,219,13354,13573,Victoria County
OK,353,30178,30531,Walker County
OK,146,4459,4605,Waller County
OK,2,490,492,Ward County
OK,235,20825,21060,Washington County
OK,255,13402,13657,Webb County
OK,249,20144,20393,Wharton County
OK,173,12839,13012,Wheeler County
TX,118,8194,8312,Wichita County
OK,103,8743,8846,Wilbarger County
TX,48,4098,4146,Willacy County
OK,67,4229,4296,Williamson County
OK,33,3342,3375,Wilson County
OK,3903,161491,165394,Winkler County
OK,251,13182,13433,Wise County
OK,24,3131,3155,Wood County
OK,62,1633,1695,Yoakum County
OK,122,5242,5364,Young County
OR,1273526,104616,1378142,Zapata County
OR,646397,55410,701807,Zavala County
OR,624160,54132,678292,Beaver County
OR,671470,51934,723404,Box Elder County
OR,44341,2728,47069,Cache County
OR,22104,1450,23554,Carbon County
OR,650426,50689,701115,Daggett County
OR,23297,1483,24780,Davis County
OR,1060,205,1265,Duchesne County
PA,79852,210884,290736,Emery County
PA,3314,16964,20278,Garfield County
PA,8746,38792,47538,Grand County
PA,1399,10553,11952,Iron County
PA,17725,93050,110775,Juab County
PA,6944,32273,39217,Kane County
PA,2816,12828,15644,Millard County
PA,10671,50987,61658,Morgan County
PA,5012,23600,28612,Piute County
PA,8317,31334,39651,Rich County
PA,271,1586,1857,Salt Lake County
PA,1476,13317,14793,San Juan County
PA,1879,14143,16022,Sanpete County
PA,5473,30548,36021,Sevier County
PA,1897,9112,11009,Summit County
PA,3932,23678,27610,Tooele County
PA,1364,8907,10271,Uintah County
PA,2143,12217,14360,Utah County
PA,5184,23454,28638,Wasatch County
PA,2933,23340,26273,Washington County
PA,12585,55963,68548,Wayne County
PA,21407,93814,115221,Weber County
PA,1236,5995,7231,Addison County
PA,22358,80654,103012,Bennington County
PA,14308,46552,60860,Caledonia County
PA,180,1097,1277,Chittenden County
PA,2943,23018,25961,Essex County
PA,442,3018,3460,Franklin County
PA,3327,10382,13709,Grand Isle County
PA,1339,9865,11204,Lamoille County
PA,3410,15658,19068,Orange County
PA,1793,11626,13419,Orleans County
PA,643,3801,4444,Rutland County
PA,11247,45724,56971,Washington County
PA,15573,78971,94544,Windham County
PA,6540,23358,29898,Windsor County
PA,3612,25301,28913,Accomack County
PA,13789,68896,82685,Albemarle County
PA,14319,80779,95098,Alleghany County
PA,5052,24950,30002,Amelia County
PA,3351,10577,13928,Amherst County
PA,8069,28921,36990,Appomattox County
PA,2532,11987,14519,Arlington County
PA,3717,37326,41043,Augusta County
PA,12544,61009,73553,Bath County
PA,814,2638,3452,Bedford County
PA,8934,46112,55046,Bland County
PA,2749,18518,21267,Botetourt County
PA,926,7132,8058,Brunswick County
PA,301663,519319,820982,Buchanan County
PA,881,9473,10354,Buckingham County
PA,766,4261,5027,Campbell County
PA,5442,33617,39059,Caroline County
PA,702,6078,6780,Carroll County
PA,2883,15156,18039,Charles City County
PA,181,879,1060,Charlotte County
PA,1449,7792,9241,Chesterfield County
PA,1416,7503,8919,Clarke County
PA,807,5341,6148,Craig County
PA,3254,14672,17926,Culpeper County
PA,1358,9113,10471,Cumberland County
PA,7930,37195,45125,Dickenson County
PA,1363,10331,11694,Dinwiddie County
PA,13073,65425,78498,Essex County
PA,1116,6023,7139,Fairfax County
PA,12452,72069,84521,Fauquier County
RI,65483,214069,279552,Floyd County
SC,930,7698,8628,Fluvanna County
SC,3818,51446,55264,Franklin County
SC,597,6615,7212,Frederick County
SC,977,7544,8521,Giles County
SC,1350,11284,12634,Gloucester County
SC,2338,31276,33614,Goochland County
SC,3098,48281,51379,Grayson County
SC,8418,84087,92505,Greene County
SC,1892,26699,28591,Greensville County
SC,1809,17821,19630,Halifax County
SC,1984,22200,24184,Hanover County
SC,2700,17481,20181,Henrico County
SC,1751,19075,20826,Henry County
SC,3690,32549,36239,Highland County
SC,1927,16785,18712,Isle of Wight County
SC,3554,34305,37859,James City County
SC,924,9110,10034,King and Queen County
SC,1098,11364,12462,King George County
SC,6232,58149,64381,King William County
WI,3222,28970,32192,Lancaster County
SC,3129,30265,33394,Lee County
WI,119,1086,1205,Loudoun County
SC,1983,23261,25244,Louisa County
SC,7808,116083,123891,Lunenburg County
SC,2031,26097,28128,Madison County
SC,858,10446,11304,Mathews County
SC,6519,91535,98054,Mecklenburg County
SC,847,11650,12497,Middlesex County
SC,1572,20834,22406,Montgomery County
SC,2615,31327,33942,Nelson County
SC,2317,25093,27410,New Kent County
SC,1315,11163,12478,Northampton County
VA,2180,9979,12159,Northumberland County
SC,2136,10052,12188,Nottoway County
VA,3001,8868,11869,Orange County
SC,5024,64666,69690,Page County
SC,435,3209,3644,Patrick County
SC,2005,18171,20176,Pittsylvania County
SC,1604,12969,14573,Powhatan County
SC,1438,13797,15235,Prince Edward County
SC,1265,20604,21869,Prince George County
SC,5380,48732,54112,Prince William County
SC,2015,28926,30941,Pulaski County
SC,555,6595,7150,Rappahannock County
SC,6876,69454,76330,Richmond County
SC,4796,45803,50599,Roanoke County
SC,1043,10503,11546,Rockbridge County
SC,2663,19211,21874,Rockingham County
SC,3672,57668,61340,Russell County
SD,11,343,354,Scott County
SD,12,4174,4186,Shenandoah County
SD,87,2664,2751,Smyth County
SD,2,973,975,Southampton County
SD,59,3113,3172,Spotsylvania County
SD,77,5832,5909,Stafford County
SD,49,2451,2500,Surry County
SD,31,2772,2803,Sussex County
SD,0,73,73,Tazewell County
SD,159,3915,4074,Warren County
SD,2,385,387,Washington County
SD,84,2615,2699,Westmoreland County
SD,76,4559,4635,Wise County
SD,55,2851,2906,Wythe County
SD,17,973,990,York County
SD,120,4110,4230,Alexandria city
SD,0,1179,1179,Bristol city
SD,0,428,428,Buena Vista city
SD,117,4273,4390,Charlottesville city
SD,2,316,318,Chesapeake city
SD,6,365,371,Colonial Heights city
SD,31,1438,1469,Covington city
SD,0,164,164,Danville city
SD,15,968,983,Emporia city
SD,22,1014,1036,Fairfax city
SD,2,151,153,Falls Church city
SD,0,795,795,Franklin city
SD,0,241,241,Fredericksburg city
SD,3,153,156,Galax city
SD,0,100,100,Hampton city
SD,96,3142,3238,Harrisonburg city
SD,4,895,899,Hopewell city
SD,0,150,150,Lexington city
SD,94,2026,2120,Lynchburg city
SD,0,283,283,Manassas city
SD,0,88,88,Manassas Park city
SD,0,497,497,Martinsville city
SD,27,1684,1711,Newport News city
SD,82,3940,4022,Norfolk city
SD,2,2020,2022,Norton city
SD,41,1305,1346,Petersburg city
SD,8,814,822,Poquoson city
SD,0,269,269,Portsmouth city
SD,0,592,592,Radford city
SD,48,3473,3521,Richmond city
SD,26,1453,1479,Roanoke city
SD,2,341,343,Salem city
SD,792,39752,40544,Staunton city
SD,15,1057,1072,Suffolk city
SD,320,29067,29387,Virginia Beach city
SD,2,349,351,Waynesboro city
SD,0,162,162,Williamsburg city
SD,9,3575,3584,Winchester city
SD,0,300,300,Adams County
SD,570,14606,15176,Asotin County
SD,2,670,672,Benton County
SD,10,385,395,Chelan County
SD,0,67,67,Clallam County
SD,301,9871,10172,Clark County
SD,35,1655,1690,Columbia County
SD,7,1343,1350,Cowlitz County
SD,24,1596,1620,Douglas County
SD,17,1376,1393,Ferry County
SD,61,4663,4724,Franklin County
SD,76,2118,2194,Garfield County
TN,2220,18924,21144,Grant County
TN,766,6771,7537,Grays Harbor County
TN,634,6184,6818,Island County
TN,3778,33372,37150,Jefferson County
TN,3670,34787,38457,King County
TN,554,5768,6322,Kitsap County
TN,961,11276,12237,Kittitas County
TN,1042,6168,7210,Klickitat County
TN,2343,14331,16674,Lewis County
TN,2500,19960,22460,Lincoln County
TN,692,5746,6438,Mason County
TN,35150,196555,231705,Okanogan County
TN,1825,16854,18679,Pacific County
TN,2460,17256,19716,Pend Oreille County
TN,1519,10028,11547,Pierce County
TN,3571,18785,22356,San Juan County
TN,1439,10235,11674,Skagit County
TN,1060,9214,10274,Skamania County
TN,2490,22733,25223,Snohomish County
TN,19001,91836,110837,Spokane County
TN,1810,12147,13957,Stevens County
TN,2976,22150,25126,Thurston County
TN,462,3003,3465,Wahkiakum County
TN,671,6347,7018,Walla Walla County
TN,2328,13537,15865,Whatcom County
TN,1051,12794,13845,Whitman County
TN,2274,19263,21537,Yakima County
TN,1658,13358,15016,Barbour County
TN,3433,28614,32047,Berkeley County
TN,565,6108,6673,Boone County
TN,1368,11680,13048,Braxton County
TN,1163,8523,9686,Brooke County
TN,254,1781,2035,Cabell County
TN,1915,14785,16700,Calhoun County
TN,2443,14640,17083,Clay County
TN,845,6830,7675,Doddridge County
TN,2598,29334,31932,Fayette County
TN,111901,372793,484694,Gilmer County
TN,506,3949,4455,Grant County
TN,8045,45425,53470,Greenbrier County
TN,3469,22662,26131,Hampshire County
TN,302,3064,3366,Hancock County
TN,943,6645,7588,Hardy County
TN,205,2453,2658,Harrison County
TN,1465,12239,13704,Jackson County
TN,2528,26241,28769,Jefferson County
TX,252,14394,14646,Kanawha County
TX,35,3672,3707,Lewis County
TX,398,32858,33256,Lincoln County
TX,124,7520,7644,Logan County
TX,6,346,352,McDowell County
TX,0,127,127,Marion County
TX,300,18042,18342,Marshall County
TX,80,6057,6137,Mason County
TX,23,2772,2795,Mercer County
TX,66,3650,3716,Mineral County
TX,457,21231,21688,Mingo County
TX,6,1200,1206,Monongalia County
TX,262,10851,11113,Monroe County
TX,2963,78728,81691,Morgan County
TX,8621,547847,556468,Nicholas County
TX,4,1605,1609,Ohio County
TX,0,10,10,Pendleton County
TX,61,5156,5217,Pleasants County
TX,707,32544,33251,Pocahontas County
TX,776,57198,57974,Preston County
TX,667,39082,39749,Putnam County
TX,26,1873,1899,Raleigh County
TX,0,277,277,Randolph County
TX,109,5728,5837,Ritchie County
TX,198,11949,12147,Roane County
TX,79,4983,5062,Summers County
TX,132,9414,9546,Taylor County
TX,390,12732,13122,Tucker County
TX,44,3371,3415,Tyler County
TX,3892,239316,243208,Upshur County
TX,89,5533,5622,Wayne County
TX,130,11860,11990,Webster County
TX,21,3075,3096,Wetzel County
TX,30,5400,5430,Wirt County
TX,37,2101,2138,Wood County
TX,17,1321,1338,Wyoming County
TX,0,221,221,Adams County
TX,39,3332,3371,Ashland County
TX,777,60320,61097,Barron County
TX,17,896,913,Bayfield County
TX,48,5536,5584,Brown County
TX,114,17719,17833,Buffalo County
TX,6,559,565,Burnett County
TX,83,8601,8684,Calumet County
TX,307,14219,14526,Chippewa County
TX,14,530,544,Clark County
TX,0,394,394,Columbia County
TX,27,918,945,Crawford County
TX,27,3357,3384,Dane County
TX,8,1032,1040,Dodge County
TX,16,1876,1892,Door County
TX,57,5159,5216,Douglas County
TX,121,7454,7575,Dunn County
TX,41,1718,1759,Eau Claire County
TX,553,56623,57176,Florence County
TX,100,6801,6901,Fond du Lac County
TX,10,686,696,Forest County
TX,109,6751,6860,Grant County
TX,0,799,799,Green County
TX,73,6790,6863,Green Lake County
TX,80,6092,6172,Iowa County
TX,646,50299,50945,Iron County
TX,3,603,606,Jackson County
TX,7180,362197,369377,Jefferson County
TX,126,8162,8288,Juneau County
TX,202,6463,6665,Kenosha County
TX,50,7928,7978,Kewaunee County
TX,106,4706,4812,La Crosse County
TX,10,449,459,Lafayette County
TX,19,2101,2120,Langlade County
TX,16,287,303,Lincoln County
TX,740,63902,64642,Manitowoc County
TX,178,4711,4889,Marathon County
TX,126,8539,8665,Marinette County
TX,38,3666,3704,Marquette County
TX,1319,70464,71783,Menominee County
TX,48,1668,1716,Milwaukee County
TX,25,3662,3687,Monroe County
TX,0,24,24,Oconto County
TX,36,1539,1575,Oneida County
TX,59,7838,7897,Outagamie County
TX,49,5869,5918,Ozaukee County
TX,304,31775,32079,Pepin County
TX,544,38944,39488,Pierce County
TX,128,8207,8335,Polk County
TX,220,14805,15025,Portage County
TX,8,1521,1529,Price County
TX,35,2176,2211,Racine County
TX,11,1118,1129,Richland County
TX,34,1390,1424,Rock County
TX,197,14257,14454,Rusk County
TX,13037,1043675,1056712,St. Croix County
TX,349,22400,22749,Sauk County
TX,7,354,361,Sawyer County
TX,581,30188,30769,Shawano County
TX,8,389,397,Sheboygan County
TX,332,24483,24815,Taylor County
TX,151,10869,11020,Trempealeau County
TX,108,9232,9340,Vernon County
TX,170,10990,11160,Vilas County
TX,144,8828,8972,Walworth County
TX,257,8383,8640,Washburn County
TX,15,1298,1313,Washington County
TX,264,23250,23514,Waukesha County
TX,81,5026,5107,Waupaca County
TX,6,164,170,Waushara County
TX,7,963,970,Winnebago County
TX,142,14238,14380,Wood County
TX,10,228,238,Albany County
TX,28,3364,3392,Big Horn County
TX,380,19531,19911,Campbell County
TX,23,1187,1210,Carbon County
TX,54,5653,5707,Converse County
TX,484,26691,27175,Crook County
TX,25,3688,3713,Fremont County
TX,3,112,115,Goshen County
TX,0,71,71,Hot Springs County
TX,87,11455,11542,Johnson County
TX,8,963,971,Laramie County
TX,0,8,8,Lincoln County
TX,35,1121,1156,Natrona County
TX,328,13476,13804,Niobrara County
TX,19,1338,1357,Park County
TX,501,18520,19021,Platte County
TX,75,5527,5602,Sheridan County
TX,103,5436,5539,Sublette County
TX,109,3201,3310,Sweetwater County
TX,36,3936,3972,Teton County
TX,51,4160,4211,Uinta County
TX,402,26143,26545,Washakie County
TX,161,7367,7528,Weston County
